------[ 2021-01-01 00:00:00 ]

#grinch detector map
## crate slot start_channel end_channel
bb.grinch_tdc.detmap =
  7     3     0   127   526 0
  7     4     0   127   526 0
  7     5     0   127   526 0
  7     6     0   127   526 0
#  5     6     126 127  -1  526# # Bogus reference TDC


bb.grinch_tdc.chanmap =
        0  1   2   3   4   5   6   7   8   9  10  11  12  13  14  15
        16 17  18  19  20  21  22  23  24  25  26  27  28  29  30 31
        32 33  34  35  36  37  38  39  40  41  42  43  44  45  46 47
        48 49  50  51  52  53  54  55  56  57  58  59  60  61  62 63
        64 65  66  67  68  69  70  71  72  73  74  75  76  77  78 79
        80 81  82  83  84  85  86  87  88  89  90 91  92  93  94  95
        96 97  98  99 100 101 102 103 104 105 106 107 108 109 110 111
        112 113 114 115 116 117 118 119 120 121 122 123 124 125 126 127
        128 129 130 131 132 133 134 135 136 137 138 139 140 141 142 143
        144 145 146 147 148 149 150 151 152 153 154 155 156 157 158 159
        160 161 162 163 164 165 166 167 168 169 170 171 172 173 174 175
        176 177 178 179 180 181 182 183 184 185 186 187 188 189 190 191
        192 193 194 195 196 197 198 199 200 201 202 203 204 205 206 207
        208 209 210 211 212 213 214 215 216 217 218 219 220 221 222 223
        224 225 226 227 228 229 230 231 232 233 234 235 236 237 238 239
        240 241 242 243 244 245 246 247 248 249 250 251 252 253 254 255
        256 257 258 259 260 261 262 263 264 265 266 267 268 269 270 271
        272 273 274 275 276 277 278 279 280 281 282 283 284 285 286 287
        288 289 290 291 292 293 294 295 296 297 298 299 300 301 302 303
        304 305 306 307 308 309 310 311 312 313 314 315 316 317 318 319
        320 321 322 323 324 325 326 327 328 329 330 331 332 333 334 335
        336 337 338 339 340 341 342 343 344 345 346 347 348 349 350 351
        352 353 354 355 356 357 358 359 360 361 362 363 364 365 366 367
        368 369 370 371 372 373 374 375 376 377 378 379 380 381 382 383
        384 385 386 387 388 389 390 391 392 393 394 395 396 397 398 399
        400 401 402 403 404 405 406 407 408 409 410 411 412 413 414 415
        416 417 418 419 420 421 422 423 424 425 426 427 428 429 430 431
        432 433 434 435 436 437 438 439 440 441 442 443 444 445 446 447
        448 449 450 451 452 453 454 455 456 457 458 459 460 461 462 463
        464 465 466 467 468 469 470 471 472 473 474 475 476 477 478 479
        480 481 482 483 484 485 486 487 488 489 490 491 492 493 494 495
        496 497 498 499 500 501 502 503 504 505 506 507 508 509 510 511

bb.grinch_tdc.chanmap_start = 0

bb.grinch_tdc.model_in_detmap = 1
bb.grinch_tdc.tdc.calib = 1
bb.grinch_tdc.position = 0 0 0.4824  ## z of entrance window, m
bb.grinch_tdc.size =  2.47015 1.1480 0.889 ## tank size, m
bb.grinch_tdc.xyz = -0.9145 -0.124 1.0 ## position of PMT 0, m (we don't really need z)
bb.grinch_tdc.dxdydz = 0.031 0.031 1.0 ## distance between PMTs, m (we don't really need z)

#bb.grinch_tdc.tdc.offset = 
#934.732 898.497 877.839 904.125 935.082 907.5 807.253 893.847 968.399 977.093 924.449 914.722 915.68 903.209 910.341 1018.05 
#898.022 866.058 925.31 897.5 948.625 902.556 862.911 968.141 850.43 937.649 841.838 890.814 902.475 916.589 1048.57 896.092 
#846.87 764.822 894.727 849.795 918.765 1101.85 960.957 903.619 923.887 963.785 889.411 801.453 904.775 848.824 970.584 909.294 
#898.535 868.857 897.313 902.395 780.294 901.85 897.72 902.401 918.706 1001.58 883.393 976.088 925.926 897.856 906.979 992.677 
#896.923 906.388 902.549 961.534 976.089 898.754 898.492 899.231 898.093 909.954 897.121 897.739 1056.04 923.342 904.691 902.271 
#899.879 901.886 897.364 904.591 905.654 895.366 899.222 893.233 897.373 897.274 896.783 897.658 903.506 903.262 899.056 898.857 
#896.523 901.364 899.118 897.972 897.408 804.091 951.885 898.212 897.826 896.568 897.021 898.2 901.754 896.781 1037.15 901.335 
#885.701 896.19 894.769 891.88 894.222 893.041 903.489 893.554 895.297 894.039 894.156 894.978 895.739 891.261 896.425 897.665 
#896.838 903.154 900.966 898.136 900.736 914.158 902.426 943.93 975.756 901.706 900.92 903.096 901.096 899.499 902.865 904.219 
#905.59 1005.03 903.358 900.971 902.741 901.361 902.022 900.277 904.854 950.396 900.848 903.036 903.088 899.267 904.848 902.472 
#904.695 1014.08 903.737 903.26 902.04 899.441 904.056 899.066 902.588 1087.71 971.887 902.09 902.58 899.309 903.713 906.311 
#896.091 906.04 926.408 901.239 901.321 899.79 901.942 899.092 903.698 901.417 899.746 894.787 905.351 899.24 904.51 906.975 
#898.051 904.463 903.204 907.156 902.298 899.716 899.86 898.96 901.775 902.23 903.311 886.768 921.576 899.366 902.887 904.982 
#901.303 907.893 904.369 902.564 879.139 903.492 901.51 898.336 900.972 904.132 902.248 903.92 1037.55 1075.35 902.83 903.862 
#896.012 902.903 898.628 896.64 899.76 1303.67 899.541 896.155 895.961 896.846 897.08 898.946 898.761 902.685 985.877 901.398 
#892.149 897.006 895.091 895.486 897.055 894.577 905.192 896.786 897.942 897.512 897.053 897.247 897.417 896.536 1005.37 905.419 
#892.69 898.413 895.395 893.506 897.048 894.627 900.747 902.232 894.743 893.438 895.664 897.413 895.441 893.307 890.466 1022.61 
#912.483 906.169 901.515 902.569 904.161 902.384 902.904 905.219 916.747 909.291 902.564 904.248 902.324 904.004 904.857 910.766 
#881.478 923.82 902.304 899.515 901.441 901.787 900.713 907.947 877.72 931.922 902.263 901.908 901.457 900.053 904.789 920.114 
#909.32 899.671 1006.6 903.189 903.119 901.595 902.13 902.47 926.41 919.134 907.209 907.502 902.165 902.28 905.55 905.58 
#897.5 931.789 903.238 1092.91 901.358 900.803 902.409 902.748 902.566 899.614 1023.36 908.072 903.804 902.618 903.983 904.177 
#889.701 905.306 903.865 1184.43 939.82 903.488 902.912 901.201 903.029 902.401 906.277 1202.15 901.054 925.366 902.412 903.038 
#897.558 905.3 903.191 912.823 897.998 968.652 902.042 898.993 901.179 900.955 901.756 903.62 919.848 1102.5 1052.58 909.241 
#893.235 903.144 900.161 897.285 897.643 876.808 910.13 902.534 901.001 899.648 900.849 901.068 900.825 905.27 1122.46 922.477 
#357.859 881.013 886.792 884.63 886.58 892.341 901.351 892.07 891.949 883.963 883.099 886.859 886.119 887.067 889.245 895.879 
#886.903 893.9 888.486 885.495 887.249 888.432 892.875 873.218 904.002 895.085 891.023 890.858 888.263 888.96 891.598 895.398 
#891.219 899.591 890.725 888.581 886.15 888.353 889.342 870.121 891.063 893.209 887.386 890.625 888.188 887.197 889.398 891.233 
#892.277 899.507 892.392 892.349 889.388 888.238 888.29 887.603 888.979 896.998 894.337 891.542 890.102 889.336 889.522 890.857 
#754.172 900.13 900.794 895.318 890.862 890.826 888.801 886.598 887.602 889.249 893.079 893.26 893.054 891.725 890.381 891.948 
#885.963 891.688 904.251 899.292 893.322 890.117 895.521 883.605 890.891 893.279 895.671 915.278 899.889 894.321 894.65 897.404 
#857.334 894.092 901.641 898.871 904.75 890.726 892.662 912.063 893.152 879.486 1014.21 1065.72 643.876 884.985 902.354 895.676 
#904.942 950.824 900.848 903.21 918.213 928.036 888.823 969.228 898.003 891.66 899.725 908.907 895.603 812.674 897.5 897.5 

# A new set of GRINCH TDC offsets applicable to GMN with trigger phase correction and alignment to hodoscope "tfinal" variable (using SBS-9 LH2 data):
bb.grinch_tdc.tdc.offset = 
    935.3577     899.1227     878.4647     900.0674     935.7077     901.4937     807.8787     894.4727     969.0247     977.7187     925.0747     904.8044     910.3661     897.7882     899.5659     1014.147 
    894.1187     862.1547     921.4067     895.5965     944.7217     897.8872     873.9436     964.2377     846.5267     933.7457     839.4149     894.3746     895.6267     896.5566     1043.997     902.1211 
    845.1402     763.2771     893.1821     844.2139     899.2573     1103.064     957.7529     899.6698     900.5201     961.2684      889.232     800.6622     899.7116     850.5636      976.458     903.0872 
    900.4175     876.9605     900.0223     905.8264     780.6535      900.688     901.6589     899.1152     901.8389     1002.705     901.8393     974.3043     901.6897     899.4869     901.8715     991.8694 
    898.1101     905.5001     902.8647     962.3362     979.1648     900.7013     902.5656     899.6416     900.8384     902.6546      901.573     903.0219     1054.075     899.8549     902.1176     902.2221 
    896.9615      903.441     900.0454     897.3834     901.7909      899.787     899.5634     895.9597       897.39     898.4766     898.0601     899.5592     898.3628     903.7836      900.376      901.722 
    898.0594     904.3662      900.565     901.0918     898.7315     786.2236     939.8475      897.724     898.0082      898.875     898.7727     899.7222     892.6712     896.8375     1037.615     901.7551 
    888.8534     898.0496     895.4229      893.555     895.3555     893.5201     895.2855     891.7473     895.1135     894.2033     894.5415     896.0581     896.1732     891.8864     897.4973     897.1815 
    893.6518     903.9307     901.8658     898.9243     902.4479     913.2689     903.3308     940.7823     973.9981     901.7277     902.7052     904.4689     903.3416     900.5797     905.4957     907.1173 
    899.5307      992.891     904.5763     902.1517     904.1203     902.2182     903.4323     900.7694     904.3413      949.761     902.1158     904.6666     904.8068     900.1154     906.5566     905.0622 
    904.4141     1014.995     905.1929     906.0693     905.0349     901.5631      905.945     901.7221     904.1611     1087.894     970.9538     905.1909     906.1238     901.9994     906.0553     907.7994 
    897.6436     909.3238     925.3047     903.9462     904.1648     904.0398     903.7416     901.2129      905.371     904.9429     901.7774     898.2302     906.0622     902.5654     907.5113     908.7506 
    899.0341     906.1971     904.8224     907.8326     902.0936     904.2536     903.6172     900.4449     902.9546     903.6401     904.2134     907.0658     928.4512     901.4296     906.2699     907.7692 
     902.613     909.6001     904.9808     903.1851     883.1476     905.1239     904.8302     901.2246     903.5483     906.2569     904.2897     905.1188     1038.474     1076.863     906.4233      907.439 
    899.6457     906.0513      901.182     898.9456     900.9856     1303.508     900.8641     897.8352     899.4155     900.2783     900.3574     901.9448     901.5977     902.3429     987.1521     904.5098 
    894.6765     900.1645     898.2825     898.7903     900.2027     900.3167       905.42     897.8534     901.0372     900.5061     899.8497     899.9578     900.5514     898.4264     1006.229     907.3218 
    893.6858     900.7955      897.696     895.8216     898.9218     896.3534     901.8692     901.7168     897.6137     895.7829      897.859     899.5301     897.4657     894.8702     889.7536     1019.539 
    911.5121      909.208     903.6576     904.6912      905.877     905.2184       905.44     904.8505     915.8189     906.1177     905.1643     906.3287     904.4473      906.016     907.2193      904.746 
    878.5661     909.3785     904.0658     901.9338     903.5009     903.5742     903.8353     906.4001     879.1086     928.1857     904.5166     905.3746     903.5049     901.7691     906.5054     907.2275 
    907.0495     899.7232     1003.455     906.5854     905.8849     903.8169     904.1036      903.871     905.8239     908.2456     900.7469     906.2101     905.8076     904.8359     907.6155     907.3948 
    901.1081      929.316     909.0797     1092.653     905.7631     904.0803     905.3419     904.9161     904.6948     908.1031     1025.876     912.6174     905.7603     907.4151      907.894     907.4567 
    894.7598     909.4182     907.9179     1186.702     939.2366     907.5431      908.225     904.9938     907.0723     906.3043     906.8298     1197.882     902.9064     905.8909     907.3707     908.8917 
    902.0686     909.9116     907.5299     913.8532     898.9178     970.4339     906.3049     904.1689     906.3306     906.2513      907.229      908.482     919.0609      1103.32      1055.61     909.4162 
    896.3147     908.3103     905.2416     902.4326     905.2879     889.6041     913.0604     905.3087     905.7378     904.5359     905.5278     905.6993     904.7029      905.099     1120.708      906.398 
    356.6797     889.9391     891.0579     888.2771     889.4479     890.1666     890.1824     892.7742      889.462     889.4956     887.5344     890.8083     889.0233     889.2097     892.5946     899.7062 
    889.8538     893.5015     891.0924     889.0022     890.7719     891.8712     893.3284     890.8074     903.4724     892.8015     892.5803     893.0963     891.8533     892.3562     894.5876     896.4212 
    890.9571      895.259     891.9893     891.7875     890.4277     892.5936     893.3577     892.2834     891.6389     893.1471     892.1622     894.2611     892.5633     891.9012      894.039     895.9692 
    892.7608     899.8378     893.5598     894.1007      892.787     892.8442     893.4864       892.13     893.1749     894.1685      893.699     894.0539     893.4217     893.4617     894.6352     895.9751 
    882.2270     896.9234     896.2819      893.966     893.5787     894.0189     893.9522     892.0938     892.4538     891.9006     895.8262     894.0241     893.2879     893.2428     894.4969     896.1509 
    891.7863     895.4869     904.4114     895.1526     893.0319     892.2202     893.2493     889.6154     895.9899     897.0703     898.5504     915.9892      898.407     894.8349     897.6029     899.8613 
    866.0889       896.77     901.3619     899.6586     908.1388     894.5348     895.6426     895.0721     892.9186      884.164     1017.599     1069.109     647.2648     891.0387     905.7428     900.3828 
    908.3308     954.2128     904.2368     906.5988     921.6018     931.4248     892.2118     972.6168     901.3918     895.0488     903.1138     912.2958     898.9918     816.0628     900.8888     900.8888 


bb.grinch_tdc.usetrigphasecorr = 1
bb.grinch_tdc.trigphaseoffset = 1
bb.grinch_tdc.trigphasemultiple = 2

# after defining individual TDC channel offsets, we set "GoodTimeCut" to zero for GRINCH TDC hits:
bb.grinch_tdc.tdc.GoodTimeCut = 0.0
# set a somewhat looser software window for GRINCH TDC hits:
bb.grinch_tdc.hit_mintime = -50.0
bb.grinch_tdc.hit_maxtime = 50.0
#bb.grinch_tdc.reftdcGoodTimeCut = 50


#grinch geometry info
bb.grinch_tdc.nrows = 61
bb.grinch_tdc.ncols =
        8 9 8 9 8 9 8 9 8 9 8 9
        8 9 8 9 8 9 8 9 8 9 8 9
        8 9 8 9 8 9 8 9 8 9 8 9
        8 9 8 9 8 9 8 9 8 9 8 9
        8 9 8 9 8 9 8 9 8 9 8 9
        2
bb.grinch_tdc.nlayers = 1

#bb.grinch2_tdc.adc.pedestal =
#  0 0 0 0 0 0 0 0 0 0 0 0 0 0 0 0
#  0 0 0 0 0 0 0 0 0 0 0 0 0 0 0 0
#  0 0 0 0 0 0 0 0 0 0 0 0 0 0 0 0
#  0 0 0 0 0 0 0 0 0 0 0 0 0 0 0 0

bb.grinch_tdc.amp_tot_coeffs = 1.



bb.grinch_tdc.xpos = 
-0.9145 -0.9145 -0.9145 -0.9145 -0.9145 -0.9145 -0.9145 -0.9145 
-0.8835 -0.8835 -0.8835 -0.8835 -0.8835 -0.8835 -0.8835 -0.8835 -0.8835 
-0.8525 -0.8525 -0.8525 -0.8525 -0.8525 -0.8525 -0.8525 -0.8525 
-0.8215 -0.8215 -0.8215 -0.8215 -0.8215 -0.8215 -0.8215 -0.8215 -0.8215 
-0.7905 -0.7905 -0.7905 -0.7905 -0.7905 -0.7905 -0.7905 -0.7905 
-0.7595 -0.7595 -0.7595 -0.7595 -0.7595 -0.7595 -0.7595 -0.7595 -0.7595 
-0.7285 -0.7285 -0.7285 -0.7285 -0.7285 -0.7285 -0.7285 -0.7285 
-0.6975 -0.6975 -0.6975 -0.6975 -0.6975 -0.6975 -0.6975 -0.6975 -0.6975 
-0.6665 -0.6665 -0.6665 -0.6665 -0.6665 -0.6665 -0.6665 -0.6665 
-0.6355 -0.6355 -0.6355 -0.6355 -0.6355 -0.6355 -0.6355 -0.6355 -0.6355 
-0.6045 -0.6045 -0.6045 -0.6045 -0.6045 -0.6045 -0.6045 -0.6045 
-0.5735 -0.5735 -0.5735 -0.5735 -0.5735 -0.5735 -0.5735 -0.5735 -0.5735 
-0.5425 -0.5425 -0.5425 -0.5425 -0.5425 -0.5425 -0.5425 -0.5425 
-0.5115 -0.5115 -0.5115 -0.5115 -0.5115 -0.5115 -0.5115 -0.5115 -0.5115 
-0.4805 -0.4805 -0.4805 -0.4805 -0.4805 -0.4805 -0.4805 -0.4805 
-0.4495 -0.4495 -0.4495 -0.4495 -0.4495 -0.4495 -0.4495 -0.4495 -0.4495 
-0.4185 -0.4185 -0.4185 -0.4185 -0.4185 -0.4185 -0.4185 -0.4185 
-0.3875 -0.3875 -0.3875 -0.3875 -0.3875 -0.3875 -0.3875 -0.3875 -0.3875 
-0.3565 -0.3565 -0.3565 -0.3565 -0.3565 -0.3565 -0.3565 -0.3565 
-0.3255 -0.3255 -0.3255 -0.3255 -0.3255 -0.3255 -0.3255 -0.3255 -0.3255 
-0.2945 -0.2945 -0.2945 -0.2945 -0.2945 -0.2945 -0.2945 -0.2945 
-0.2635 -0.2635 -0.2635 -0.2635 -0.2635 -0.2635 -0.2635 -0.2635 -0.2635 
-0.2325 -0.2325 -0.2325 -0.2325 -0.2325 -0.2325 -0.2325 -0.2325 
-0.2015 -0.2015 -0.2015 -0.2015 -0.2015 -0.2015 -0.2015 -0.2015 -0.2015 
-0.1705 -0.1705 -0.1705 -0.1705 -0.1705 -0.1705 -0.1705 -0.1705 
-0.1395 -0.1395 -0.1395 -0.1395 -0.1395 -0.1395 -0.1395 -0.1395 -0.1395 
-0.1085 -0.1085 -0.1085 -0.1085 -0.1085 -0.1085 -0.1085 -0.1085 
-0.0775 -0.0775 -0.0775 -0.0775 -0.0775 -0.0775 -0.0775 -0.0775 -0.0775 
-0.0465 -0.0465 -0.0465 -0.0465 -0.0465 -0.0465 -0.0465 -0.0465 
-0.0155 -0.0155 -0.0155 -0.0155 -0.0155 -0.0155 -0.0155 -0.0155 -0.0155 
0.0155 0.0155 0.0155 0.0155 0.0155 0.0155 0.0155 0.0155 
0.0465 0.0465 0.0465 0.0465 0.0465 0.0465 0.0465 0.0465 0.0465 
0.0775 0.0775 0.0775 0.0775 0.0775 0.0775 0.0775 0.0775 
0.1085 0.1085 0.1085 0.1085 0.1085 0.1085 0.1085 0.1085 0.1085 
0.1395 0.1395 0.1395 0.1395 0.1395 0.1395 0.1395 0.1395 
0.1705 0.1705 0.1705 0.1705 0.1705 0.1705 0.1705 0.1705 0.1705 
0.2015 0.2015 0.2015 0.2015 0.2015 0.2015 0.2015 0.2015 
0.2325 0.2325 0.2325 0.2325 0.2325 0.2325 0.2325 0.2325 0.2325 
0.2635 0.2635 0.2635 0.2635 0.2635 0.2635 0.2635 0.2635 
0.2945 0.2945 0.2945 0.2945 0.2945 0.2945 0.2945 0.2945 0.2945 
0.3255 0.3255 0.3255 0.3255 0.3255 0.3255 0.3255 0.3255 
0.3565 0.3565 0.3565 0.3565 0.3565 0.3565 0.3565 0.3565 0.3565 
0.3875 0.3875 0.3875 0.3875 0.3875 0.3875 0.3875 0.3875 
0.4185 0.4185 0.4185 0.4185 0.4185 0.4185 0.4185 0.4185 0.4185 
0.4495 0.4495 0.4495 0.4495 0.4495 0.4495 0.4495 0.4495 
0.4805 0.4805 0.4805 0.4805 0.4805 0.4805 0.4805 0.4805 0.4805 
0.5115 0.5115 0.5115 0.5115 0.5115 0.5115 0.5115 0.5115 
0.5425 0.5425 0.5425 0.5425 0.5425 0.5425 0.5425 0.5425 0.5425 
0.5735 0.5735 0.5735 0.5735 0.5735 0.5735 0.5735 0.5735 
0.6045 0.6045 0.6045 0.6045 0.6045 0.6045 0.6045 0.6045 0.6045 
0.6355 0.6355 0.6355 0.6355 0.6355 0.6355 0.6355 0.6355 
0.6665 0.6665 0.6665 0.6665 0.6665 0.6665 0.6665 0.6665 0.6665 
0.6975 0.6975 0.6975 0.6975 0.6975 0.6975 0.6975 0.6975 
0.7285 0.7285 0.7285 0.7285 0.7285 0.7285 0.7285 0.7285 0.7285 
0.7595 0.7595 0.7595 0.7595 0.7595 0.7595 0.7595 0.7595 
0.7905 0.7905 0.7905 0.7905 0.7905 0.7905 0.7905 0.7905 0.7905 
0.8215 0.8215 0.8215 0.8215 0.8215 0.8215 0.8215 0.8215 
0.8525 0.8525 0.8525 0.8525 0.8525 0.8525 0.8525 0.8525 0.8525 
0.8835 0.8835 0.8835 0.8835 0.8835 0.8835 0.8835 0.8835 
0.9145 0.9145 0.9145 0.9145 0.9145 0.9145 0.9145 0.9145 0.9145 
1.0 1.0

bb.grinch_tdc.ypos = 
0.1085 0.0775 0.0465 0.0155 -0.0155 -0.0465 -0.0775 -0.1085 
0.124 0.093 0.062 0.031 0 -0.031 -0.062 -0.093 -0.124 
0.1085 0.0775 0.0465 0.0155 -0.0155 -0.0465 -0.0775 -0.1085 
0.124 0.093 0.062 0.031 0 -0.031 -0.062 -0.093 -0.124 
0.1085 0.0775 0.0465 0.0155 -0.0155 -0.0465 -0.0775 -0.1085 
0.124 0.093 0.062 0.031 0 -0.031 -0.062 -0.093 -0.124 
0.1085 0.0775 0.0465 0.0155 -0.0155 -0.0465 -0.0775 -0.1085 
0.124 0.093 0.062 0.031 0 -0.031 -0.062 -0.093 -0.124 
0.1085 0.0775 0.0465 0.0155 -0.0155 -0.0465 -0.0775 -0.1085 
0.124 0.093 0.062 0.031 0 -0.031 -0.062 -0.093 -0.124 
0.1085 0.0775 0.0465 0.0155 -0.0155 -0.0465 -0.0775 -0.1085 
0.124 0.093 0.062 0.031 0 -0.031 -0.062 -0.093 -0.124 
0.1085 0.0775 0.0465 0.0155 -0.0155 -0.0465 -0.0775 -0.1085 
0.124 0.093 0.062 0.031 0 -0.031 -0.062 -0.093 -0.124 
0.1085 0.0775 0.0465 0.0155 -0.0155 -0.0465 -0.0775 -0.1085 
0.124 0.093 0.062 0.031 0 -0.031 -0.062 -0.093 -0.124 
0.1085 0.0775 0.0465 0.0155 -0.0155 -0.0465 -0.0775 -0.1085 
0.124 0.093 0.062 0.031 0 -0.031 -0.062 -0.093 -0.124 
0.1085 0.0775 0.0465 0.0155 -0.0155 -0.0465 -0.0775 -0.1085 
0.124 0.093 0.062 0.031 0 -0.031 -0.062 -0.093 -0.124 
0.1085 0.0775 0.0465 0.0155 -0.0155 -0.0465 -0.0775 -0.1085 
0.124 0.093 0.062 0.031 0 -0.031 -0.062 -0.093 -0.124 
0.1085 0.0775 0.0465 0.0155 -0.0155 -0.0465 -0.0775 -0.1085 
0.124 0.093 0.062 0.031 0 -0.031 -0.062 -0.093 -0.124 
0.1085 0.0775 0.0465 0.0155 -0.0155 -0.0465 -0.0775 -0.1085 
0.124 0.093 0.062 0.031 0 -0.031 -0.062 -0.093 -0.124 
0.1085 0.0775 0.0465 0.0155 -0.0155 -0.0465 -0.0775 -0.1085 
0.124 0.093 0.062 0.031 0 -0.031 -0.062 -0.093 -0.124 
0.1085 0.0775 0.0465 0.0155 -0.0155 -0.0465 -0.0775 -0.1085 
0.124 0.093 0.062 0.031 0 -0.031 -0.062 -0.093 -0.124 
0.1085 0.0775 0.0465 0.0155 -0.0155 -0.0465 -0.0775 -0.1085 
0.124 0.093 0.062 0.031 0 -0.031 -0.062 -0.093 -0.124 
0.1085 0.0775 0.0465 0.0155 -0.0155 -0.0465 -0.0775 -0.1085 
0.124 0.093 0.062 0.031 0 -0.031 -0.062 -0.093 -0.124 
0.1085 0.0775 0.0465 0.0155 -0.0155 -0.0465 -0.0775 -0.1085 
0.124 0.093 0.062 0.031 0 -0.031 -0.062 -0.093 -0.124 
0.1085 0.0775 0.0465 0.0155 -0.0155 -0.0465 -0.0775 -0.1085 
0.124 0.093 0.062 0.031 0 -0.031 -0.062 -0.093 -0.124 
0.1085 0.0775 0.0465 0.0155 -0.0155 -0.0465 -0.0775 -0.1085 
0.124 0.093 0.062 0.031 0 -0.031 -0.062 -0.093 -0.124 
0.1085 0.0775 0.0465 0.0155 -0.0155 -0.0465 -0.0775 -0.1085 
0.124 0.093 0.062 0.031 0 -0.031 -0.062 -0.093 -0.124 
0.1085 0.0775 0.0465 0.0155 -0.0155 -0.0465 -0.0775 -0.1085 
0.124 0.093 0.062 0.031 0 -0.031 -0.062 -0.093 -0.124 
0.1085 0.0775 0.0465 0.0155 -0.0155 -0.0465 -0.0775 -0.1085 
0.124 0.093 0.062 0.031 0 -0.031 -0.062 -0.093 -0.124 
0.1085 0.0775 0.0465 0.0155 -0.0155 -0.0465 -0.0775 -0.1085 
0.124 0.093 0.062 0.031 0 -0.031 -0.062 -0.093 -0.124 
0.1085 0.0775 0.0465 0.0155 -0.0155 -0.0465 -0.0775 -0.1085 
0.124 0.093 0.062 0.031 0 -0.031 -0.062 -0.093 -0.124 
0.1085 0.0775 0.0465 0.0155 -0.0155 -0.0465 -0.0775 -0.1085 
0.124 0.093 0.062 0.031 0 -0.031 -0.062 -0.093 -0.124 
0.1085 0.0775 0.0465 0.0155 -0.0155 -0.0465 -0.0775 -0.1085 
0.124 0.093 0.062 0.031 0 -0.031 -0.062 -0.093 -0.124 
0.1085 0.0775 0.0465 0.0155 -0.0155 -0.0465 -0.0775 -0.1085 
0.124 0.093 0.062 0.031 0 -0.031 -0.062 -0.093 -0.124 
0.1085 0.0775 0.0465 0.0155 -0.0155 -0.0465 -0.0775 -0.1085 
0.124 0.093 0.062 0.031 0 -0.031 -0.062 -0.093 -0.124 
0.1085 0.0775 0.0465 0.0155 -0.0155 -0.0465 -0.0775 -0.1085 
0.124 0.093 0.062 0.031 0 -0.031 -0.062 -0.093 -0.124 
1.0 -1.0

# max separation between PMTs for grouping into clusters:
bb.grinch_tdc.maxsep = 0.072 # this is twice the separation between neighboring PMTs in the matrix, to account for clusters with "holes"

bb.grinch_tdc.nmirror = 4

# commenting these out for testing new cuts based on Maria's parametrizations:

#bb.grinch_tdc.trackmatch_pslope = 0.1715
#bb.grinch_tdc.trackmatch_xslope = 0.74 0.7353 0.7515 0.7456 
#bb.grinch_tdc.trackmatch_x0 = -0.2 -0.0765 -0.0827 0.1127 
#bb.grinch_tdc.trackmatch_xsigma = 0.015 0.009 0.01 0.01 
#bb.grinch_tdc.trackmatch_yslope = 0.42 0.48 0.173 0.56 
#bb.grinch_tdc.trackmatch_y0 = -0.017 0.018 0.014 0.046 
#bb.grinch_tdc.trackmatch_ysigma = 0.022 0.015 0.022 0.023 
#bb.grinch_tdc.trackmatch_xmin = -0.8 -0.65 -0.1 0.45
#bb.grinch_tdc.trackmatch_xmax = -0.5 0.1 0.55 0.8 

# wide track-matching cut until we develop a way to deal with the mirror boundaries in the x track x GRINCH correlation 
# 4.5-sigma cut seems sufficiently loose for now:
bb.grinch_tdc.trackmatch_nsigma_cut = 5.0

# for kinematics not yet calibrated, start with wider timing cuts
bb.grinch_tdc.hit_mintime = -50
bb.grinch_tdc.hit_maxtime = 50

# start with more open definitions of these cuts for earlier kinematics that aren't yet aligned:
bb.grinch_tdc.maxtdiff_clust = 25.0 # time difference limit for adding GRINCH hits to clusters (ns)
bb.grinch_tdc.maxtdiff_ref = 100.0 # time difference limit for GRINCH hits relative to shower for consideration in good clusters (ns)
bb.grinch_tdc.usereftimediffcut = 0 # flag to enable/disable the use of shower ADC time as "reference time" for GRINCH

bb.grinch_tdc.trackmatch_dtsigma = 1.3 # ns (sigma of mean time for "good" GRINCH electron clusters relative to shower)
bb.grinch_tdc.trackmatch_dtoffset = 0.0 # ns

# the following lines will basically disable the GRINCH for the earlier GMN kinematics (SBS-1, SBS-4), as the GRINCH data for these settings aren't (generally speaking) useful:
bb.grinch_tdc.hit_mintime = 0
bb.grinch_tdc.hit_maxtime = 0

# It appears we have "good" GRINCH data starting with SBS-7:

---------[ 2021-11-13 9:00:00 ] # start of SBS-7

# the cluster mean time resolution starts at about 2.2 ns (gets better once we start flowing heavy gas):

bb.grinch_tdc.hit_mintime = -30.0
bb.grinch_tdc.hit_maxtime = 30.0

bb.grinch_tdc.maxtdiff_clust = 20.0
bb.grinch_tdc.maxtdiff_ref = 20.0
bb.grinch_tdc.usereftimediffcut = 1

bb.grinch_tdc.trackmatch_dtsigma = 2.5

# based on raw TDC distributions, use -69.1 ns wrt SBS-9 as starting point:
bb.grinch_tdc.tdc.offset = 
866.2577  830.0227  809.3647  830.9674  866.6077  832.3937  738.7787  825.3727  899.9247  908.6187  855.9747  835.7044  841.2661  828.6882  830.4659  945.047
825.0187  793.0547  852.3067  826.4965  875.6217  828.7872  804.8436  895.1377  777.4267  864.6457  770.3149  825.2746  826.5267  827.4566  974.897  833.0211
776.0402  694.1771  824.0821  775.1139  830.1573  1033.964  888.6529  830.5698  831.4201  892.1684  820.132  731.5622  830.6116  781.4636  907.358  833.9872
831.3175  807.8605  830.9223  836.7264  711.5535  831.588  832.5589  830.0152  832.7389  933.605  832.7393  905.2043  832.5897  830.3869  832.7715  922.7694
829.0101  836.4001  833.7647  893.2362  910.0648  831.6013  833.4656  830.5416  831.7384  833.5546  832.473  833.9219  984.975  830.7549  833.0176  833.1221
827.8615  834.341  830.9454  828.2834  832.6909  830.687  830.4634  826.8597  828.29  829.3766  828.9601  830.4592  829.2628  834.6836  831.276  832.622
828.9594  835.2662  831.465  831.9918  829.6315  717.1236  870.7475  828.624  828.9082  829.775  829.6727  830.6222  823.5712  827.7375  968.515  832.6551
819.7534  828.9496  826.3229  824.455  826.2555  824.4201  826.1855  822.6473  826.0135  825.1033  825.4415  826.9581  827.0732  822.7864  828.3973  828.0815
824.5518  834.8307  832.7658  829.8243  833.3479  844.1689  834.2308  871.6823  904.8981  832.6277  833.6052  835.3689  834.2416  831.4797  836.3957  838.0173
830.4307  923.791  835.4763  833.0517  835.0203  833.1182  834.3323  831.6694  835.2413  880.661  833.0158  835.5666  835.7068  831.0154  837.4566  835.9622
835.3141  945.895  836.0929  836.9693  835.9349  832.4631  836.845  832.6221  835.0611  1018.794  901.8538  836.0909  837.0238  832.8994  836.9553  838.6994
828.5436  840.2238  856.2047  834.8462  835.0648  834.9398  834.6416  832.1129  836.271  835.8429  832.6774  829.1302  836.9622  833.4654  838.4113  839.6506
829.9341  837.0971  835.7224  838.7326  832.9936  835.1536  834.5172  831.3449  833.8546  834.5401  835.1134  837.9658  859.3512  832.3296  837.1699  838.6692
833.513  840.5001  835.8808  834.0851  814.0476  836.0239  835.7302  832.1246  834.4483  837.1569  835.1897  836.0188  969.374  1007.763  837.3233  838.339
830.5457  836.9513  832.082  829.8456  831.8856  1234.408  831.7641  828.7352  830.3155  831.1783  831.2574  832.8448  832.4977  833.2429  918.0521  835.4098
825.5765  831.0645  829.1825  829.6903  831.1027  831.2167  836.32  828.7534  831.9372  831.4061  830.7497  830.8578  831.4514  829.3264  937.129  838.2218
824.5858  831.6955  828.596  826.7216  829.8218  827.2534  832.7692  832.6168  828.5137  826.6829  828.759  830.4301  828.3657  825.7702  820.6536  950.439
842.4121  840.108  834.5576  835.5912  836.777  836.1184  836.34  835.7505  846.7189  837.0177  836.0643  837.2287  835.3473  836.916  838.1193  835.646
809.4661  840.2785  834.9658  832.8338  834.4009  834.4742  834.7353  837.3001  810.0086  859.0857  835.4166  836.2746  834.4049  832.6691  837.4054  838.1275
837.9495  830.6232  934.355  837.4854  836.7849  834.7169  835.0036  834.771  836.7239  839.1456  831.6469  837.1101  836.7076  835.7359  838.5155  838.2948
832.0081  860.216  839.9797  1023.553  836.6631  834.9803  836.2419  835.8161  835.5948  839.0031  956.776  843.5174  836.6603  838.3151  838.794  838.3567
825.6598  840.3182  838.8179  1117.602  870.1366  838.4431  839.125  835.8938  837.9723  837.2043  837.7298  1128.782  833.8064  836.7909  838.2707  839.7917
832.9686  840.8116  838.4299  844.7532  829.8178  901.3339  837.2049  835.0689  837.2306  837.1513  838.129  839.382  849.9609  1034.22  986.51  840.3162
827.2147  839.2103  836.1416  833.3326  836.1879  820.5041  843.9604  836.2087  836.6378  835.4359  836.4278  836.5993  835.6029  835.999  1051.608  837.298
287.5797  820.8391  821.9579  819.1771  820.3479  821.0666  821.0824  823.6742  820.362  820.3956  818.4344  821.7083  819.9233  820.1097  823.4946  830.6062
820.7538  824.4015  821.9924  819.9022  821.6719  822.7712  824.2284  821.7074  834.3724  823.7015  823.4803  823.9963  822.7533  823.2562  825.4876  827.3212
821.8571  826.159  822.8893  822.6875  821.3277  823.4936  824.2577  823.1834  822.5389  824.0471  823.0622  825.1611  823.4633  822.8012  824.939  826.8692
823.6608  830.7378  824.4598  825.0007  823.687  823.7442  824.3864  823.03  824.0749  825.0685  824.599  824.9539  824.3217  824.3617  825.5352  826.8751
813.127  827.8234  827.1819  824.866  824.4787  824.9189  824.8522  822.9938  823.3538  822.8006  826.7262  824.9241  824.1879  824.1428  825.3969  827.0509
822.6863  826.3869  835.3114  826.0526  823.9319  823.1202  824.1493  820.5154  826.8899  827.9703  829.4504  846.8892  829.307  825.7349  828.5029  830.7613
796.9889  827.67  832.2619  830.5586  839.0388  825.4348  826.5426  825.9721  823.8186  815.064  948.499  1000.009  578.1648  821.9387  836.6428  831.2828
839.2308  885.1128  835.1368  837.4988  852.5018  862.3248  823.1118  903.5168  832.2918  825.9488  834.0138  843.1958  829.8918  746.9628  831.7888  831.7888

---------[ 2021-11-23 19:00:00 ] # Start of SBS-11:

bb.grinch_tdc.hit_mintime = -30.0
bb.grinch_tdc.hit_maxtime = 30.0

bb.grinch_tdc.maxtdiff_clust = 20.0
bb.grinch_tdc.maxtdiff_ref = 20.0
bb.grinch_tdc.usereftimediffcut = 1

bb.grinch_tdc.trackmatch_dtsigma = 5.0

# Start of SBS-11: use SBS-9 offsets shifted by 2.5 ns to match Provakar's updated calibration
bb.grinch_tdc.tdc.offset =
937.8627  901.6277  880.9697  902.5724  938.2127  903.9987  810.3837  896.9777  971.5297  980.2237  927.5797  907.3094  912.8711  900.2932  902.0709  1016.652
896.6237  864.6597  923.9117  898.1015  947.2267  900.3922  876.4486  966.7427  849.0317  936.2507  841.9199  896.8796  898.1317  899.0616  1046.502  904.6261
847.6452  765.7821  895.6871  846.7189  901.7623  1105.569  960.2579  902.1748  903.0251  963.7734  891.737  803.1672  902.2166  853.0686  978.963  905.5922
902.9225  879.4655  902.5273  908.3314  783.1585  903.193  904.1639  901.6202  904.3439  1005.21  904.3443  976.8093  904.1947  901.9919  904.3765  994.3744
900.6151  908.0051  905.3697  964.8412  981.6698  903.2063  905.0706  902.1466  903.3434  905.1596  904.078  905.5269  1056.58  902.3599  904.6226  904.7271
899.4665  905.946  902.5504  899.8884  904.2959  902.292  902.0684  898.4647  899.895  900.9816  900.5651  902.0642  900.8678  906.2886  902.881  904.227
900.5644  906.8712  903.07  903.5968  901.2365  788.7286  942.3525  900.229  900.5132  901.38  901.2777  902.2272  895.1762  899.3425  1040.12  904.2601
891.3584  900.5546  897.9279  896.06  897.8605  896.0251  897.7905  894.2523  897.6185  896.7083  897.0465  898.5631  898.6782  894.3914  900.0023  899.6865
896.1568  906.4357  904.3708  901.4293  904.9529  915.7739  905.8358  943.2873  976.5031  904.2327  905.2102  906.9739  905.8466  903.0847  908.0007  909.6223
902.0357  995.396  907.0813  904.6567  906.6253  904.7232  905.9373  903.2744  906.8463  952.266  904.6208  907.1716  907.3118  902.6204  909.0616  907.5672
906.9191  1017.5  907.6979  908.5743  907.5399  904.0681  908.45  904.2271  906.6661  1090.399  973.4588  907.6959  908.6288  904.5044  908.5603  910.3044
900.1486  911.8288  927.8097  906.4512  906.6698  906.5448  906.2466  903.7179  907.876  907.4479  904.2824  900.7352  908.5672  905.0704  910.0163  911.2556
901.5391  908.7021  907.3274  910.3376  904.5986  906.7586  906.1222  902.9499  905.4596  906.1451  906.7184  909.5708  930.9562  903.9346  908.7749  910.2742
905.118  912.1051  907.4858  905.6901  885.6526  907.6289  907.3352  903.7296  906.0533  908.7619  906.7947  907.6238  1040.979  1079.368  908.9283  909.944
902.1507  908.5563  903.687  901.4506  903.4906  1306.013  903.3691  900.3402  901.9205  902.7833  902.8624  904.4498  904.1027  904.8479  989.6571  907.0148
897.1815  902.6695  900.7875  901.2953  902.7077  902.8217  907.925  900.3584  903.5422  903.0111  902.3547  902.4628  903.0564  900.9314  1008.734  909.8268
896.1908  903.3005  900.201  898.3266  901.4268  898.8584  904.3742  904.2218  900.1187  898.2879  900.364  902.0351  899.9707  897.3752  892.2586  1022.044
914.0171  911.713  906.1626  907.1962  908.382  907.7234  907.945  907.3555  918.3239  908.6227  907.6693  908.8337  906.9523  908.521  909.7243  907.251
881.0711  911.8835  906.5708  904.4388  906.0059  906.0792  906.3403  908.9051  881.6136  930.6907  907.0216  907.8796  906.0099  904.2741  909.0104  909.7325
909.5545  902.2282  1005.96  909.0904  908.3899  906.3219  906.6086  906.376  908.3289  910.7506  903.2519  908.7151  908.3126  907.3409  910.1205  909.8998
903.6131  931.821  911.5847  1095.158  908.2681  906.5853  907.8469  907.4211  907.1998  910.6081  1028.381  915.1224  908.2653  909.9201  910.399  909.9617
897.2648  911.9232  910.4229  1189.207  941.7416  910.0481  910.73  907.4988  909.5773  908.8093  909.3348  1200.387  905.4114  908.3959  909.8757  911.3967
904.5736  912.4166  910.0349  916.3582  901.4228  972.9389  908.8099  906.6739  908.8356  908.7563  909.734  910.987  921.5659  1105.825  1058.115  911.9212
898.8197  910.8153  907.7466  904.9376  907.7929  892.1091  915.5654  907.8137  908.2428  907.0409  908.0328  908.2043  907.2079  907.604  1123.213  908.903
359.1847  892.4441  893.5629  890.7821  891.9529  892.6716  892.6874  895.2792  891.967  892.0006  890.0394  893.3133  891.5283  891.7147  895.0996  902.2112
892.3588  896.0065  893.5974  891.5072  893.2769  894.3762  895.8334  893.3124  905.9774  895.3065  895.0853  895.6013  894.3583  894.8612  897.0926  898.9262
893.4621  897.764  894.4943  894.2925  892.9327  895.0986  895.8627  894.7884  894.1439  895.6521  894.6672  896.7661  895.0683  894.4062  896.544  898.4742
895.2658  902.3428  896.0648  896.6057  895.292  895.3492  895.9914  894.635  895.6799  896.6735  896.204  896.5589  895.9267  895.9667  897.1402  898.4801
884.732  899.4284  898.7869  896.471  896.0837  896.5239  896.4572  894.5988  894.9588  894.4056  898.3312  896.5291  895.7929  895.7478  897.0019  898.6559
894.2913  897.9919  906.9164  897.6576  895.5369  894.7252  895.7543  892.1204  898.4949  899.5753  901.0554  918.4942  900.912  897.3399  900.1079  902.3663
868.5939  899.275  903.8669  902.1636  910.6438  897.0398  898.1476  897.5771  895.4236  886.669  1020.104  1071.614  649.7698  893.5437  908.2478  902.8878
910.8358  956.7178  906.7418  909.1038  924.1068  933.9298  894.7168  975.1218  903.8968  897.5538  905.6188  914.8008  901.4968  818.5678  903.3938  903.3938


---------[ 2021-12-01 12:00:00 ] # 70-ns timing shift during SBS-11 part 2:

#bb.grinch_tdc.tdc.GoodTimeCut = -70.0 # we'll eventually fix this by shifting all the time offsets globally for this time period
#bb.grinch_tdc.hit_mintime = -100
#bb.grinch_tdc.hit_maxtime =  -40

# shift GRINCH offsets by roughly -70 ns relative to SBS-9 for this run period. May require ~ns-level adjustments after Provakar's final recalibration of SBS-11
bb.grinch_tdc.tdc.offset =
866.3177  830.0827  809.4247  831.0274  866.6677  832.4537  738.8387  825.4327  899.9847  908.6787  856.0347  835.7644  841.3261  828.7482  830.5259  945.107
825.0787  793.1147  852.3667  826.5565  875.6817  828.8472  804.9036  895.1977  777.4867  864.7057  770.3749  825.3346  826.5867  827.5166  974.957  833.0811
776.1002  694.2371  824.1421  775.1739  830.2173  1034.024  888.7129  830.6298  831.4801  892.2284  820.192  731.6222  830.6716  781.5236  907.418  834.0472
831.3775  807.9205  830.9823  836.7864  711.6135  831.648  832.6189  830.0752  832.7989  933.665  832.7993  905.2643  832.6497  830.4469  832.8315  922.8294
829.0701  836.4601  833.8247  893.2962  910.1248  831.6613  833.5256  830.6016  831.7984  833.6146  832.533  833.9819  985.035  830.8149  833.0776  833.1821
827.9215  834.401  831.0054  828.3434  832.7509  830.747  830.5234  826.9197  828.35  829.4366  829.0201  830.5192  829.3228  834.7436  831.336  832.682
829.0194  835.3262  831.525  832.0518  829.6915  717.1836  870.8075  828.684  828.9682  829.835  829.7327  830.6822  823.6312  827.7975  968.575  832.7151
819.8134  829.0096  826.3829  824.515  826.3155  824.4801  826.2455  822.7073  826.0735  825.1633  825.5015  827.0181  827.1332  822.8464  828.4573  828.1415
824.6118  834.8907  832.8258  829.8843  833.4079  844.2289  834.2908  871.7423  904.9581  832.6877  833.6652  835.4289  834.3016  831.5397  836.4557  838.0773
830.4907  923.851  835.5363  833.1117  835.0803  833.1782  834.3923  831.7294  835.3013  880.721  833.0758  835.6266  835.7668  831.0754  837.5166  836.0222
835.3741  945.955  836.1529  837.0293  835.9949  832.5231  836.905  832.6821  835.1211  1018.854  901.9138  836.1509  837.0838  832.9594  837.0153  838.7594
828.6036  840.2838  856.2647  834.9062  835.1248  834.9998  834.7016  832.1729  836.331  835.9029  832.7374  829.1902  837.0222  833.5254  838.4713  839.7106
829.9941  837.1571  835.7824  838.7926  833.0536  835.2136  834.5772  831.4049  833.9146  834.6001  835.1734  838.0258  859.4112  832.3896  837.2299  838.7292
833.573  840.5601  835.9408  834.1451  814.1076  836.0839  835.7902  832.1846  834.5083  837.2169  835.2497  836.0788  969.434  1007.823  837.3833  838.399
830.6057  837.0113  832.142  829.9056  831.9456  1234.468  831.8241  828.7952  830.3755  831.2383  831.3174  832.9048  832.5577  833.3029  918.1121  835.4698
825.6365  831.1245  829.2425  829.7503  831.1627  831.2767  836.38  828.8134  831.9972  831.4661  830.8097  830.9178  831.5114  829.3864  937.189  838.2818
824.6458  831.7555  828.656  826.7816  829.8818  827.3134  832.8292  832.6768  828.5737  826.7429  828.819  830.4901  828.4257  825.8302  820.7136  950.499
842.4721  840.168  834.6176  835.6512  836.837  836.1784  836.4  835.8105  846.7789  837.0777  836.1243  837.2887  835.4073  836.976  838.1793  835.706
809.5261  840.3385  835.0258  832.8938  834.4609  834.5342  834.7953  837.3601  810.0686  859.1457  835.4766  836.3346  834.4649  832.7291  837.4654  838.1875
838.0095  830.6832  934.415  837.5454  836.8449  834.7769  835.0636  834.831  836.7839  839.2056  831.7069  837.1701  836.7676  835.7959  838.5755  838.3548
832.0681  860.276  840.0397  1023.613  836.7231  835.0403  836.3019  835.8761  835.6548  839.0631  956.836  843.5774  836.7203  838.3751  838.854  838.4167
825.7198  840.3782  838.8779  1117.662  870.1966  838.5031  839.185  835.9538  838.0323  837.2643  837.7898  1128.842  833.8664  836.8509  838.3307  839.8517
833.0286  840.8716  838.4899  844.8132  829.8778  901.3939  837.2649  835.1289  837.2906  837.2113  838.189  839.442  850.0209  1034.28  986.57  840.3762
827.2747  839.2703  836.2016  833.3926  836.2479  820.5641  844.0204  836.2687  836.6978  835.4959  836.4878  836.6593  835.6629  836.059  1051.668  837.358
287.6397  820.8991  822.0179  819.2371  820.4079  821.1266  821.1424  823.7342  820.422  820.4556  818.4944  821.7683  819.9833  820.1697  823.5546  830.6662
820.8138  824.4615  822.0524  819.9622  821.7319  822.8312  824.2884  821.7674  834.4324  823.7615  823.5403  824.0563  822.8133  823.3162  825.5476  827.3812
821.9171  826.219  822.9493  822.7475  821.3877  823.5536  824.3177  823.2434  822.5989  824.1071  823.1222  825.2211  823.5233  822.8612  824.999  826.9292
823.7208  830.7978  824.5198  825.0607  823.747  823.8042  824.4464  823.09  824.1349  825.1285  824.659  825.0139  824.3817  824.4217  825.5952  826.9351
813.187  827.8834  827.2419  824.926  824.5387  824.9789  824.9122  823.0538  823.4138  822.8606  826.7862  824.9841  824.2479  824.2028  825.4569  827.1109
822.7463  826.4469  835.3714  826.1126  823.9919  823.1802  824.2093  820.5754  826.9499  828.0303  829.5104  846.9492  829.367  825.7949  828.5629  830.8213
797.0489  827.73  832.3219  830.6186  839.0988  825.4948  826.6026  826.0321  823.8786  815.124  948.559  1000.069  578.2248  821.9987  836.7028  831.3428
839.2908  885.1728  835.1968  837.5588  852.5618  862.3848  823.1718  903.5768  832.3518  826.0088  834.0738  843.2558  829.9518  747.0228  831.8488  831.8488



---------[ 2021-12-14 12:00:00 ] # second timing shift during SBS-11:

#bb.grinch_tdc.tdc.GoodTimeCut = 0.0
#bb.grinch_tdc.hit_mintime = -30
#bb.grinch_tdc.hit_maxtime = 30

# Back to using SBS-9 offsets for final QA replays of SBS-11 part 3 (may require ~ns-level adjustments after Provakar's recalibration):
bb.grinch_tdc.tdc.offset = 
    935.3577     899.1227     878.4647     900.0674     935.7077     901.4937     807.8787     894.4727     969.0247     977.7187     925.0747     904.8044     910.3661     897.7882     899.5659     1014.147 
    894.1187     862.1547     921.4067     895.5965     944.7217     897.8872     873.9436     964.2377     846.5267     933.7457     839.4149     894.3746     895.6267     896.5566     1043.997     902.1211 
    845.1402     763.2771     893.1821     844.2139     899.2573     1103.064     957.7529     899.6698     900.5201     961.2684      889.232     800.6622     899.7116     850.5636      976.458     903.0872 
    900.4175     876.9605     900.0223     905.8264     780.6535      900.688     901.6589     899.1152     901.8389     1002.705     901.8393     974.3043     901.6897     899.4869     901.8715     991.8694 
    898.1101     905.5001     902.8647     962.3362     979.1648     900.7013     902.5656     899.6416     900.8384     902.6546      901.573     903.0219     1054.075     899.8549     902.1176     902.2221 
    896.9615      903.441     900.0454     897.3834     901.7909      899.787     899.5634     895.9597       897.39     898.4766     898.0601     899.5592     898.3628     903.7836      900.376      901.722 
    898.0594     904.3662      900.565     901.0918     898.7315     786.2236     939.8475      897.724     898.0082      898.875     898.7727     899.7222     892.6712     896.8375     1037.615     901.7551 
    888.8534     898.0496     895.4229      893.555     895.3555     893.5201     895.2855     891.7473     895.1135     894.2033     894.5415     896.0581     896.1732     891.8864     897.4973     897.1815 
    893.6518     903.9307     901.8658     898.9243     902.4479     913.2689     903.3308     940.7823     973.9981     901.7277     902.7052     904.4689     903.3416     900.5797     905.4957     907.1173 
    899.5307      992.891     904.5763     902.1517     904.1203     902.2182     903.4323     900.7694     904.3413      949.761     902.1158     904.6666     904.8068     900.1154     906.5566     905.0622 
    904.4141     1014.995     905.1929     906.0693     905.0349     901.5631      905.945     901.7221     904.1611     1087.894     970.9538     905.1909     906.1238     901.9994     906.0553     907.7994 
    897.6436     909.3238     925.3047     903.9462     904.1648     904.0398     903.7416     901.2129      905.371     904.9429     901.7774     898.2302     906.0622     902.5654     907.5113     908.7506 
    899.0341     906.1971     904.8224     907.8326     902.0936     904.2536     903.6172     900.4449     902.9546     903.6401     904.2134     907.0658     928.4512     901.4296     906.2699     907.7692 
     902.613     909.6001     904.9808     903.1851     883.1476     905.1239     904.8302     901.2246     903.5483     906.2569     904.2897     905.1188     1038.474     1076.863     906.4233      907.439 
    899.6457     906.0513      901.182     898.9456     900.9856     1303.508     900.8641     897.8352     899.4155     900.2783     900.3574     901.9448     901.5977     902.3429     987.1521     904.5098 
    894.6765     900.1645     898.2825     898.7903     900.2027     900.3167       905.42     897.8534     901.0372     900.5061     899.8497     899.9578     900.5514     898.4264     1006.229     907.3218 
    893.6858     900.7955      897.696     895.8216     898.9218     896.3534     901.8692     901.7168     897.6137     895.7829      897.859     899.5301     897.4657     894.8702     889.7536     1019.539 
    911.5121      909.208     903.6576     904.6912      905.877     905.2184       905.44     904.8505     915.8189     906.1177     905.1643     906.3287     904.4473      906.016     907.2193      904.746 
    878.5661     909.3785     904.0658     901.9338     903.5009     903.5742     903.8353     906.4001     879.1086     928.1857     904.5166     905.3746     903.5049     901.7691     906.5054     907.2275 
    907.0495     899.7232     1003.455     906.5854     905.8849     903.8169     904.1036      903.871     905.8239     908.2456     900.7469     906.2101     905.8076     904.8359     907.6155     907.3948 
    901.1081      929.316     909.0797     1092.653     905.7631     904.0803     905.3419     904.9161     904.6948     908.1031     1025.876     912.6174     905.7603     907.4151      907.894     907.4567 
    894.7598     909.4182     907.9179     1186.702     939.2366     907.5431      908.225     904.9938     907.0723     906.3043     906.8298     1197.882     902.9064     905.8909     907.3707     908.8917 
    902.0686     909.9116     907.5299     913.8532     898.9178     970.4339     906.3049     904.1689     906.3306     906.2513      907.229      908.482     919.0609      1103.32      1055.61     909.4162 
    896.3147     908.3103     905.2416     902.4326     905.2879     889.6041     913.0604     905.3087     905.7378     904.5359     905.5278     905.6993     904.7029      905.099     1120.708      906.398 
    356.6797     889.9391     891.0579     888.2771     889.4479     890.1666     890.1824     892.7742      889.462     889.4956     887.5344     890.8083     889.0233     889.2097     892.5946     899.7062 
    889.8538     893.5015     891.0924     889.0022     890.7719     891.8712     893.3284     890.8074     903.4724     892.8015     892.5803     893.0963     891.8533     892.3562     894.5876     896.4212 
    890.9571      895.259     891.9893     891.7875     890.4277     892.5936     893.3577     892.2834     891.6389     893.1471     892.1622     894.2611     892.5633     891.9012      894.039     895.9692 
    892.7608     899.8378     893.5598     894.1007      892.787     892.8442     893.4864       892.13     893.1749     894.1685      893.699     894.0539     893.4217     893.4617     894.6352     895.9751 
    882.2270     896.9234     896.2819      893.966     893.5787     894.0189     893.9522     892.0938     892.4538     891.9006     895.8262     894.0241     893.2879     893.2428     894.4969     896.1509 
    891.7863     895.4869     904.4114     895.1526     893.0319     892.2202     893.2493     889.6154     895.9899     897.0703     898.5504     915.9892      898.407     894.8349     897.6029     899.8613 
    866.0889       896.77     901.3619     899.6586     908.1388     894.5348     895.6426     895.0721     892.9186      884.164     1017.599     1069.109     647.2648     891.0387     905.7428     900.3828 
    908.3308     954.2128     904.2368     906.5988     921.6018     931.4248     892.2118     972.6168     901.3918     895.0488     903.1138     912.2958     898.9918     816.0628     900.8888     900.8888 

--------[ 2022-01-01 00:00:00 ] # approximate start of SBS-14:

bb.grinch_tdc.hit_mintime = -25.0
bb.grinch_tdc.hit_maxtime = 25.0

bb.grinch_tdc.maxtdiff_clust = 12.0
bb.grinch_tdc.maxtdiff_ref = 10.0
bb.grinch_tdc.trackmatch_dtsigma = 1.3 # ns

bb.grinch_tdc.usereftimediffcut = 1

# fine-tuning SBS-14 part 1 after QA replay; shift by -0.46 ns
bb.grinch_tdc.tdc.offset = 
926.9904  890.7554  870.0974  891.7001  927.3404  893.1264  799.5114  886.1054  960.6574  969.3514  916.7074  896.4371  901.9988  889.4209  891.1986  1005.7797
885.7514  853.7874  913.0394  887.2292  936.3544  889.5199  865.5763  955.8704  838.1594  925.3784  831.0476  886.0073  887.2594  888.1893  1035.6297  893.7538
836.7729  754.9098  884.8148  835.8466  890.89  1094.6967  949.3856  891.3025  892.1528  952.9011  880.8647  792.2949  891.3443  842.1963  968.0907  894.7199
892.0502  868.5932  891.655  897.4591  772.2862  892.3207  893.2916  890.7479  893.4716  994.3377  893.472  965.937  893.3224  891.1196  893.5042  983.5021
889.7428  897.1328  894.4974  953.9689  970.7975  892.334  894.1983  891.2743  892.4711  894.2873  893.2057  894.6546  1045.7077  891.4876  893.7503  893.8548
888.5942  895.0737  891.6781  889.0161  893.4236  891.4197  891.1961  887.5924  889.0227  890.1093  889.6928  891.1919  889.9955  895.4163  892.0087  893.3547
889.6921  895.9989  892.1977  892.7245  890.3642  777.8563  931.4802  889.3567  889.6409  890.5077  890.4054  891.3549  884.3039  888.4702  1029.2477  893.3878
880.4861  889.6823  887.0556  885.1877  886.9882  885.1528  886.9182  883.38  886.7462  885.836  886.1742  887.6908  887.8059  883.5191  889.13  888.8142
885.2845  895.5634  893.4985  890.557  894.0806  904.9016  894.9635  932.415  965.6308  893.3604  894.3379  896.1016  894.9743  892.2124  897.1284  898.75
891.1634  984.5237  896.209  893.7844  895.753  893.8509  895.065  892.4021  895.974  941.3937  893.7485  896.2993  896.4395  891.7481  898.1893  896.6949
896.0468  1006.6277  896.8256  897.702  896.6676  893.1958  897.5777  893.3548  895.7938  1079.5267  962.5865  896.8236  897.7565  893.6321  897.688  899.4321
889.2763  900.9565  916.9374  895.5789  895.7975  895.6725  895.3743  892.8456  897.0037  896.5756  893.4101  889.8629  897.6949  894.1981  899.144  900.3833
890.6668  897.8298  896.4551  899.4653  893.7263  895.8863  895.2499  892.0776  894.5873  895.2728  895.8461  898.6985  920.0839  893.0623  897.9026  899.4019
894.2457  901.2328  896.6135  894.8178  874.7803  896.7566  896.4629  892.8573  895.181  897.8896  895.9224  896.7515  1030.1067  1068.4957  898.056  899.0717
891.2784  897.684  892.8147  890.5783  892.6183  1295.1407  892.4968  889.4679  891.0482  891.911  891.9901  893.5775  893.2304  893.9756  978.7848  896.1425
886.3092  891.7972  889.9152  890.423  891.8354  891.9494  897.0527  889.4861  892.6699  892.1388  891.4824  891.5905  892.1841  890.0591  997.8617  898.9545
885.3185  892.4282  889.3287  887.4543  890.5545  887.9861  893.5019  893.3495  889.2464  887.4156  889.4917  891.1628  889.0984  886.5029  881.3863  1011.1717
903.1448  900.8407  895.2903  896.3239  897.5097  896.8511  897.0727  896.4832  907.4516  897.7504  896.797  897.9614  896.08  897.6487  898.852  896.3787
870.1988  901.0112  895.6985  893.5665  895.1336  895.2069  895.468  898.0328  870.7413  919.8184  896.1493  897.0073  895.1376  893.4018  898.1381  898.8602
898.6822  891.3559  995.0877  898.2181  897.5176  895.4496  895.7363  895.5037  897.4566  899.8783  892.3796  897.8428  897.4403  896.4686  899.2482  899.0275
892.7408  920.9487  900.7124  1084.2857  897.3958  895.713  896.9746  896.5488  896.3275  899.7358  1017.5087  904.2501  897.393  899.0478  899.5267  899.0894
886.3925  901.0509  899.5506  1178.3347  930.8693  899.1758  899.8577  896.6265  898.705  897.937  898.4625  1189.5147  894.5391  897.5236  899.0034  900.5244
893.7013  901.5443  899.1626  905.4859  890.5505  962.0666  897.9376  895.8016  897.9633  897.884  898.8617  900.1147  910.6936  1094.9527  1047.2427  901.0489
887.9474  899.943  896.8743  894.0653  896.9206  881.2368  904.6931  896.9414  897.3705  896.1686  897.1605  897.332  896.3356  896.7317  1112.3407  898.0307
348.3124  881.5718  882.6906  879.9098  881.0806  881.7993  881.8151  884.4069  881.0947  881.1283  879.1671  882.441  880.656  880.8424  884.2273  891.3389
881.4865  885.1342  882.7251  880.6349  882.4046  883.5039  884.9611  882.4401  895.1051  884.4342  884.213  884.729  883.486  883.9889  886.2203  888.0539
882.5898  886.8917  883.622  883.4202  882.0604  884.2263  884.9904  883.9161  883.2716  884.7798  883.7949  885.8938  884.196  883.5339  885.6717  887.6019
884.3935  891.4705  885.1925  885.7334  884.4197  884.4769  885.1191  883.7627  884.8076  885.8012  885.3317  885.6866  885.0544  885.0944  886.2679  887.6078
873.8597  888.5561  887.9146  885.5987  885.2114  885.6516  885.5849  883.7265  884.0865  883.5333  887.4589  885.6568  884.9206  884.8755  886.1296  887.7836
883.419  887.1196  896.0441  886.7853  884.6646  883.8529  884.882  881.2481  887.6226  888.703  890.1831  907.6219  890.0397  886.4676  889.2356  891.494
857.7216  888.4027  892.9946  891.2913  899.7715  886.1675  887.2753  886.7048  884.5513  875.7967  1009.2317  1060.7417  638.8975  882.6714  897.3755  892.0155
899.9635  945.8455  895.8695  898.2315  913.2345  923.0575  883.8445  964.2495  893.0245  886.6815  894.7465  903.9285  890.6245  807.6955  892.5215  892.5215


--------[ 2022-01-12 16:00:00 ] 

# SBS-14 part 2+ (timing shift by ~9 ns)
bb.grinch_tdc.tdc.offset = 
936.5047  900.2697  879.6117  901.2144  936.8547  902.6407  809.0257  895.6197  970.1717  978.8657  926.2217  905.9514  911.5131  898.9352  900.7129  1015.294
895.2657  863.3017  922.5537  896.7435  945.8687  899.0342  875.0906  965.3847  847.6737  934.8927  840.5619  895.5216  896.7737  897.7036  1045.144  903.2681
846.2872  764.4241  894.3291  845.3609  900.4043  1104.211  958.8999  900.8168  901.6671  962.4154  890.379  801.8092  900.8586  851.7106  977.605  904.2342
901.5645  878.1075  901.1693  906.9734  781.8005  901.835  902.8059  900.2622  902.9859  1003.852  902.9863  975.4513  902.8367  900.6339  903.0185  993.0164
899.2571  906.6471  904.0117  963.4832  980.3118  901.8483  903.7126  900.7886  901.9854  903.8016  902.72  904.1689  1055.222  901.0019  903.2646  903.3691
898.1085  904.588  901.1924  898.5304  902.9379  900.934  900.7104  897.1067  898.537  899.6236  899.2071  900.7062  899.5098  904.9306  901.523  902.869
899.2064  905.5132  901.712  902.2388  899.8785  787.3706  940.9945  898.871  899.1552  900.022  899.9197  900.8692  893.8182  897.9845  1038.762  902.9021
890.0004  899.1966  896.5699  894.702  896.5025  894.6671  896.4325  892.8943  896.2605  895.3503  895.6885  897.2051  897.3202  893.0334  898.6443  898.3285
894.7988  905.0777  903.0128  900.0713  903.5949  914.4159  904.4778  941.9293  975.1451  902.8747  903.8522  905.6159  904.4886  901.7267  906.6427  908.2643
900.6777  994.038  905.7233  903.2987  905.2673  903.3652  904.5793  901.9164  905.4883  950.908  903.2628  905.8136  905.9538  901.2624  907.7036  906.2092
905.5611  1016.142  906.3399  907.2163  906.1819  902.7101  907.092  902.8691  905.3081  1089.041  972.1008  906.3379  907.2708  903.1464  907.2023  908.9464
898.7906  910.4708  926.4517  905.0932  905.3118  905.1868  904.8886  902.3599  906.518  906.0899  902.9244  899.3772  907.2092  903.7124  908.6583  909.8976
900.1811  907.3441  905.9694  908.9796  903.2406  905.4006  904.7642  901.5919  904.1016  904.7871  905.3604  908.2128  929.5982  902.5766  907.4169  908.9162
903.76  910.7471  906.1278  904.3321  884.2946  906.2709  905.9772  902.3716  904.6953  907.4039  905.4367  906.2658  1039.621  1078.01  907.5703  908.586
900.7927  907.1983  902.329  900.0926  902.1326  1304.655  902.0111  898.9822  900.5625  901.4253  901.5044  903.0918  902.7447  903.4899  988.2991  905.6568
895.8235  901.3115  899.4295  899.9373  901.3497  901.4637  906.567  899.0004  902.1842  901.6531  900.9967  901.1048  901.6984  899.5734  1007.376  908.4688
894.8328  901.9425  898.843  896.9686  900.0688  897.5004  903.0162  902.8638  898.7607  896.9299  899.006  900.6771  898.6127  896.0172  890.9006  1020.686
912.6591  910.355  904.8046  905.8382  907.024  906.3654  906.587  905.9975  916.9659  907.2647  906.3113  907.4757  905.5943  907.163  908.3663  905.893
879.7131  910.5255  905.2128  903.0808  904.6479  904.7212  904.9823  907.5471  880.2556  929.3327  905.6636  906.5216  904.6519  902.9161  907.6524  908.3745
908.1965  900.8702  1004.602  907.7324  907.0319  904.9639  905.2506  905.018  906.9709  909.3926  901.8939  907.3571  906.9546  905.9829  908.7625  908.5418
902.2551  930.463  910.2267  1093.8  906.9101  905.2273  906.4889  906.0631  905.8418  909.2501  1027.023  913.7644  906.9073  908.5621  909.041  908.6037
895.9068  910.5652  909.0649  1187.849  940.3836  908.6901  909.372  906.1408  908.2193  907.4513  907.9768  1199.029  904.0534  907.0379  908.5177  910.0387
903.2156  911.0586  908.6769  915.0002  900.0648  971.5809  907.4519  905.3159  907.4776  907.3983  908.376  909.629  920.2079  1104.467  1056.757  910.5632
897.4617  909.4573  906.3886  903.5796  906.4349  890.7511  914.2074  906.4557  906.8848  905.6829  906.6748  906.8463  905.8499  906.246  1121.855  907.545
357.8267  891.0861  892.2049  889.4241  890.5949  891.3136  891.3294  893.9212  890.609  890.6426  888.6814  891.9553  890.1703  890.3567  893.7416  900.8532
891.0008  894.6485  892.2394  890.1492  891.9189  893.0182  894.4754  891.9544  904.6194  893.9485  893.7273  894.2433  893.0003  893.5032  895.7346  897.5682
892.1041  896.406  893.1363  892.9345  891.5747  893.7406  894.5047  893.4304  892.7859  894.2941  893.3092  895.4081  893.7103  893.0482  895.186  897.1162
893.9078  900.9848  894.7068  895.2477  893.934  893.9912  894.6334  893.277  894.3219  895.3155  894.846  895.2009  894.5687  894.6087  895.7822  897.1221
883.374  898.0704  897.4289  895.113  894.7257  895.1659  895.0992  893.2408  893.6008  893.0476  896.9732  895.1711  894.4349  894.3898  895.6439  897.2979
892.9333  896.6339  905.5584  896.2996  894.1789  893.3672  894.3963  890.7624  897.1369  898.2173  899.6974  917.1362  899.554  895.9819  898.7499  901.0083
867.2359  897.917  902.5089  900.8056  909.2858  895.6818  896.7896  896.2191  894.0656  885.311  1018.746  1070.256  648.4118  892.1857  906.8898  901.5298
909.4778  955.3598  905.3838  907.7458  922.7488  932.5718  893.3588  973.7638  902.5388  896.1958  904.2608  913.4428  900.1388  817.2098  902.0358  902.0358

--------[ 2022-01-21 00:00:00 ] # approximate start of GMN SBS-8:

bb.grinch_tdc.hit_mintime = -25.0
bb.grinch_tdc.hit_maxtime = 25.0

# start with more open definitions of these cuts for earlier kinematics that aren't yet aligned:
bb.grinch_tdc.maxtdiff_clust = 12.0 # time difference limit for adding GRINCH hits to clusters (ns)
bb.grinch_tdc.maxtdiff_ref = 7.5 # time difference limit for GRINCH hits relative to shower for consideration in good clusters (ns)
bb.grinch_tdc.usereftimediffcut = 1 # flag to enable/disable the use of shower ADC time as "reference time" for GRINCH

# the following offsets were determined from SBS-8 LH2 and LD2 data (average -1.7-ns shift in GRINCH-hodo alignment relative to SBS-9
bb.grinch_tdc.tdc.offset = 
    933.7179     897.4829     876.8249     903.1109     934.0679     906.4859     806.2389     892.8329     967.3849     976.0789     923.4349     913.7079     914.6659     902.1949     909.3269     1017.036 
    897.0079     865.0439     924.2959     896.4859     947.6109     901.5419     861.8969     967.1269     849.4159     936.6349     840.8239     889.7999     901.4609     915.5749     1047.556     895.0779 
    845.8559     763.8079     893.7129     848.7998     910.9114     1101.648     955.6574     905.7915     916.5463     962.7709     888.3969     801.0409      903.363     849.5451     968.8247     907.7971 
    898.7993     872.8259     901.4983     902.1975     780.7724     898.8631     900.0185     897.4315     899.9447     999.6994     899.8561     972.4295     900.1273     897.4043     900.0074     1011.595 
    896.3708     903.5739     900.7633     963.3585      977.119     898.9243     900.6131     897.7654      898.909     900.6413     899.7716     901.1425     1051.655      898.624     900.3837     900.2708 
     895.148     901.4716     898.3159     895.4616     898.9686     893.3322     897.7665     894.1273     895.4298     896.6034     896.2164     897.8931     896.4397      903.137     898.4664     899.9057 
    896.1027     902.2695     898.4933     899.1001     897.0048     797.7247     937.6793     895.8025     895.8612      896.927      896.826      897.686     889.9925     895.0719      1037.67     900.0015 
    887.1018     896.2045     893.5811     891.6897     893.6806     891.7389     893.3207     890.5443     893.4954     892.5101      892.911      894.401      894.523     890.2966      895.651     896.4464 
    892.2429     902.3722     900.1691     897.2598     900.5012     911.4835     901.4912     941.8123     975.1782     900.2188     901.0592     902.6611     901.6498     898.8009     903.8078     905.2071 
    907.3072     1010.938      902.984     900.3309     902.4367      900.474     901.8488     899.1492     903.0641     949.8683     900.4563     902.8377     903.0531     898.3551     904.7154     903.3352 
    902.9631     999.6475      903.587     904.2872     903.2642     899.9583     904.0819     900.1881     902.5612     1088.208      972.241     903.2964     904.2468     900.2316     904.1942     906.0172 
    895.9798     907.6122     926.3509     902.9241     902.3292     902.2113      901.996     899.5762     903.7111     903.1147     900.9144     897.0602     904.2229     900.7821     905.7181     906.9873 
     897.424     904.4422     902.9933      907.331     900.6042     902.3846     901.8904     898.8223     901.1693     901.9342      902.374     889.8836     920.9298     899.6664     904.4036     905.9223 
    900.8481     907.9349     903.4004     901.5593     882.6213     903.3697     903.0948     899.3092     901.6696     904.1916     902.7248      903.459     1037.852     1076.883     904.5344     905.4411 
    897.8539     904.1971       899.35     897.1756     899.3713     1303.751     899.0667     896.0924      897.506     898.2939      898.428     900.1938     899.6492     902.4541     986.6453     902.8584 
    893.0184     898.5146     896.5685     897.0631     898.5248     898.3292     906.2995     896.3248     899.3889      898.571     898.0944     898.3461     898.9659     896.7256     1006.232     905.9988 
    892.1831     899.1026     895.9832     894.0403     897.1141     894.6548     898.2271     893.5584     896.0767     894.3117     896.1629     897.8815     895.7821     892.6009     890.2237      1023.01 
    911.6569     907.7648     902.0912     903.1263     904.3754     903.5695     904.0126     905.0544     915.3148      904.482      903.501     904.6381     902.7025     904.4306      905.723     910.8992 
    885.3196      922.347     902.5477     900.2166     901.8808     901.8177      902.043     916.8204     901.0023     939.2158     902.9651     903.6418     901.8848     900.1551     904.8474     905.8626 
     906.621     899.5846     1004.669       904.97     904.1274     902.0731     902.3758     902.1891     922.8383     917.9139     907.1634      904.735     904.0526     903.0925     905.8295     905.7264 
    900.9596     929.3085     907.4707     1093.997     904.0266     902.2255     903.6786     903.2584     903.0601     906.4021     1025.957     911.1968     904.0525     905.5122     906.0559     905.6469 
    893.0898     907.5997     904.1579     1184.896      938.012     905.6453      906.448     903.2597     905.2635     904.4035     905.4331     1222.511     907.8298     904.0504     905.5682     907.0361 
    900.1297     908.0305     905.4219     913.1806     900.3197     970.6067     904.4177     902.2798     904.3517     904.3382     905.3166     906.6112     919.1533     1103.831     1054.966     907.3806 
    894.1963     906.4203      903.304     900.6548       899.68     880.7041     911.9781     903.4465     903.6845      902.583     903.6488     903.7929     902.6277     903.1149     1118.335     903.9739 
    356.3283     888.1123     889.2134     886.4419      887.624     888.5976     888.6457     890.2834     887.7288     887.7412     885.8142     888.9543      887.289     887.4816     891.0045     897.4581 
    888.1014       891.76      889.432     887.2933     889.0674     890.1128     891.6025     889.0255      890.841     891.0958     890.9185     891.2874      890.001     890.5598     892.7581     894.4983 
    891.4751     893.3383     890.2547     890.0778     888.6666     890.7741     891.5623     890.6181     890.2125      891.273     890.3444     892.3673     890.7663      890.004     892.1878     894.0746 
    891.4992     900.5219     891.7924     892.3433      890.935     890.9549     891.5362     890.3571     891.5247      893.087     891.9652     892.3571     891.5979     891.6152     892.8272     894.4172 
    882.0530     894.4813     892.2757     892.3724     891.5857     892.1023     891.8537     890.2251     890.7005     890.6978     891.7201     891.8077     891.4987     891.4238     892.6396     894.2673 
    889.9563     893.8168     891.3335     890.0271     891.2635     890.8115     891.8242     887.9634     894.0961     894.9268     894.1963     896.1331       895.13     893.0801     895.8658     898.0644 
    888.1426      894.992     891.2561     895.2318     895.1114       891.73      891.928     888.5109     890.4405      892.126     1017.636      1069.58     649.1254     888.6074     901.8786      896.052 
    900.5109     950.4305     901.0266     900.9896      915.369     907.9203     898.4305     968.5082     900.4489     897.1699      901.626      906.796     897.7126     814.7836     899.6096     899.6096 

--------[ 2022-02-01 00:00:00 ] # approximate start of GMN SBS-9:

# back to SBS-9 offsets (roughly 1.7-ns average shift in GRINCH-hodo alignment):
# A new set of GRINCH TDC offsets applicable to GMN with trigger phase correction and alignment to hodoscope "tfinal" variable (using SBS-9 LH2 data):
bb.grinch_tdc.tdc.offset = 
    935.3577     899.1227     878.4647     900.0674     935.7077     901.4937     807.8787     894.4727     969.0247     977.7187     925.0747     904.8044     910.3661     897.7882     899.5659     1014.147 
    894.1187     862.1547     921.4067     895.5965     944.7217     897.8872     873.9436     964.2377     846.5267     933.7457     839.4149     894.3746     895.6267     896.5566     1043.997     902.1211 
    845.1402     763.2771     893.1821     844.2139     899.2573     1103.064     957.7529     899.6698     900.5201     961.2684      889.232     800.6622     899.7116     850.5636      976.458     903.0872 
    900.4175     876.9605     900.0223     905.8264     780.6535      900.688     901.6589     899.1152     901.8389     1002.705     901.8393     974.3043     901.6897     899.4869     901.8715     991.8694 
    898.1101     905.5001     902.8647     962.3362     979.1648     900.7013     902.5656     899.6416     900.8384     902.6546      901.573     903.0219     1054.075     899.8549     902.1176     902.2221 
    896.9615      903.441     900.0454     897.3834     901.7909      899.787     899.5634     895.9597       897.39     898.4766     898.0601     899.5592     898.3628     903.7836      900.376      901.722 
    898.0594     904.3662      900.565     901.0918     898.7315     786.2236     939.8475      897.724     898.0082      898.875     898.7727     899.7222     892.6712     896.8375     1037.615     901.7551 
    888.8534     898.0496     895.4229      893.555     895.3555     893.5201     895.2855     891.7473     895.1135     894.2033     894.5415     896.0581     896.1732     891.8864     897.4973     897.1815 
    893.6518     903.9307     901.8658     898.9243     902.4479     913.2689     903.3308     940.7823     973.9981     901.7277     902.7052     904.4689     903.3416     900.5797     905.4957     907.1173 
    899.5307      992.891     904.5763     902.1517     904.1203     902.2182     903.4323     900.7694     904.3413      949.761     902.1158     904.6666     904.8068     900.1154     906.5566     905.0622 
    904.4141     1014.995     905.1929     906.0693     905.0349     901.5631      905.945     901.7221     904.1611     1087.894     970.9538     905.1909     906.1238     901.9994     906.0553     907.7994 
    897.6436     909.3238     925.3047     903.9462     904.1648     904.0398     903.7416     901.2129      905.371     904.9429     901.7774     898.2302     906.0622     902.5654     907.5113     908.7506 
    899.0341     906.1971     904.8224     907.8326     902.0936     904.2536     903.6172     900.4449     902.9546     903.6401     904.2134     907.0658     928.4512     901.4296     906.2699     907.7692 
     902.613     909.6001     904.9808     903.1851     883.1476     905.1239     904.8302     901.2246     903.5483     906.2569     904.2897     905.1188     1038.474     1076.863     906.4233      907.439 
    899.6457     906.0513      901.182     898.9456     900.9856     1303.508     900.8641     897.8352     899.4155     900.2783     900.3574     901.9448     901.5977     902.3429     987.1521     904.5098 
    894.6765     900.1645     898.2825     898.7903     900.2027     900.3167       905.42     897.8534     901.0372     900.5061     899.8497     899.9578     900.5514     898.4264     1006.229     907.3218 
    893.6858     900.7955      897.696     895.8216     898.9218     896.3534     901.8692     901.7168     897.6137     895.7829      897.859     899.5301     897.4657     894.8702     889.7536     1019.539 
    911.5121      909.208     903.6576     904.6912      905.877     905.2184       905.44     904.8505     915.8189     906.1177     905.1643     906.3287     904.4473      906.016     907.2193      904.746 
    878.5661     909.3785     904.0658     901.9338     903.5009     903.5742     903.8353     906.4001     879.1086     928.1857     904.5166     905.3746     903.5049     901.7691     906.5054     907.2275 
    907.0495     899.7232     1003.455     906.5854     905.8849     903.8169     904.1036      903.871     905.8239     908.2456     900.7469     906.2101     905.8076     904.8359     907.6155     907.3948 
    901.1081      929.316     909.0797     1092.653     905.7631     904.0803     905.3419     904.9161     904.6948     908.1031     1025.876     912.6174     905.7603     907.4151      907.894     907.4567 
    894.7598     909.4182     907.9179     1186.702     939.2366     907.5431      908.225     904.9938     907.0723     906.3043     906.8298     1197.882     902.9064     905.8909     907.3707     908.8917 
    902.0686     909.9116     907.5299     913.8532     898.9178     970.4339     906.3049     904.1689     906.3306     906.2513      907.229      908.482     919.0609      1103.32      1055.61     909.4162 
    896.3147     908.3103     905.2416     902.4326     905.2879     889.6041     913.0604     905.3087     905.7378     904.5359     905.5278     905.6993     904.7029      905.099     1120.708      906.398 
    356.6797     889.9391     891.0579     888.2771     889.4479     890.1666     890.1824     892.7742      889.462     889.4956     887.5344     890.8083     889.0233     889.2097     892.5946     899.7062 
    889.8538     893.5015     891.0924     889.0022     890.7719     891.8712     893.3284     890.8074     903.4724     892.8015     892.5803     893.0963     891.8533     892.3562     894.5876     896.4212 
    890.9571      895.259     891.9893     891.7875     890.4277     892.5936     893.3577     892.2834     891.6389     893.1471     892.1622     894.2611     892.5633     891.9012      894.039     895.9692 
    892.7608     899.8378     893.5598     894.1007      892.787     892.8442     893.4864       892.13     893.1749     894.1685      893.699     894.0539     893.4217     893.4617     894.6352     895.9751 
    882.2270     896.9234     896.2819      893.966     893.5787     894.0189     893.9522     892.0938     892.4538     891.9006     895.8262     894.0241     893.2879     893.2428     894.4969     896.1509 
    891.7863     895.4869     904.4114     895.1526     893.0319     892.2202     893.2493     889.6154     895.9899     897.0703     898.5504     915.9892      898.407     894.8349     897.6029     899.8613 
    866.0889       896.77     901.3619     899.6586     908.1388     894.5348     895.6426     895.0721     892.9186      884.164     1017.599     1069.109     647.2648     891.0387     905.7428     900.3828 
    908.3308     954.2128     904.2368     906.5988     921.6018     931.4248     892.2118     972.6168     901.3918     895.0488     903.1138     912.2958     898.9918     816.0628     900.8888     900.8888 

--------[ 2022-04-01 00:00:00 ]

# back to defaults starting after GMN so as not to step on any toes:
bb.grinch_tdc.maxtdiff_clust = 30.0 # time difference limit for adding GRINCH hits to clusters (ns)
bb.grinch_tdc.maxtdiff_ref = 30.0 # time difference limit for GRINCH hits relative to shower for consideration in good clusters (ns)
bb.grinch_tdc.usereftimediffcut = 0 # flag to enable/disable the use of shower ADC time as "reference time" for GRINCH

bb.grinch_tdc.tdc.offset = 0.0
bb.grinch_tdc.tdc.GoodTimeCut = 900

bb.grinch_tdc.trackmatch_nsigma_cut = 4.0

--------[ 2022-10-10 00:00:00 ] # GEN-2: good GRINCH times are clustered near 70 ns 

bb.grinch_tdc.tdc.offset = 
80.18 69.30 68.73 66.00 68.75 70.52 69.16 68.61 68.78 80.43 
67.51 68.92 69.27 69.76 72.26 80.55 60.81 48.11 71.52 66.57 
67.84 69.19 68.46 68.08 49.17 85.04 68.94 72.53 67.13 68.29 
68.51 71.25 70.20 60.11 100.85 74.67 66.80 68.76 69.26 69.06 
67.89 66.69 71.00 91.87 68.88 66.76 68.47 70.85 67.15 76.95 
74.85 56.71 70.56 70.88 71.09 68.84 71.60 73.30 68.79 74.79 
72.76 90.01 70.91 73.40 69.04 76.64 74.29 75.66 85.60 71.44 
72.72 69.64 71.35 73.97 72.88 71.76 79.24 71.28 72.84 73.00 
67.72 74.24 71.68 69.52 69.64 69.84 71.04 66.44 68.16 69.96 
69.64 71.92 70.20 70.04 71.88 73.28 68.64 75.16 72.92 72.28 
69.92 72.07 70.96 69.40 70.84 71.68 72.34 72.64 71.80 70.44 
70.02 75.29 61.88 71.00 68.84 67.08 68.52 67.68 70.00 61.32 
69.36 68.56 68.80 70.08 71.28 66.98 72.31 70.96 69.75 79.29 
76.44 73.49 77.13 75.40 78.81 67.76 91.76 77.07 77.13 79.00 
78.27 76.28 81.10 82.75 70.12 82.22 79.28 76.04 78.52 77.32 
79.16 76.76 77.61 71.00 77.68 79.79 79.92 76.44 82.40 82.23 
80.39 66.52 79.72 79.60 78.46 76.64 80.81 76.69 78.57 78.90 
78.50 78.47 78.52 75.00 79.56 81.45 71.36 82.15 81.63 77.80 
76.56 76.40 77.60 75.68 78.96 77.56 80.28 81.69 79.85 74.85 
80.49 82.92 74.61 81.38 80.91 81.46 76.09 77.97 76.81 75.33 
77.08 78.52 79.80 79.66 70.59 74.84 78.33 80.37 78.13 85.04 
81.97 75.18 70.24 79.94 78.93 74.58 77.60 81.16 79.50 81.04 
77.48 78.90 80.67 80.95 73.20 79.56 75.64 73.44 74.39 70.49 
75.29 71.52 72.64 72.11 73.00 75.12 75.00 72.40 67.38 78.12 
68.20 73.60 71.76 72.20 73.36 73.19 68.61 71.76 75.16 74.36 
74.09 74.28 74.80 72.97 79.37 71.00 81.08 87.84 85.04 83.84 
86.60 84.16 70.76 94.10 85.12 84.00 85.40 87.44 86.36 82.43 
80.64 70.12 78.16 82.96 77.64 78.60 80.21 79.76 78.85 78.04 
78.57 79.60 78.33 79.88 78.24 80.12 78.07 50.63 69.40 84.29 
77.93 75.18 77.04 77.16 77.20 72.83 71.63 78.68 76.56 77.56 
75.60 73.80 78.84 79.56 76.91 79.97 69.84 79.80 77.52 76.21 
76.72 72.83 98.80 73.47 95.83 78.70 77.77 77.32 79.64 80.48 
75.76 71.22 68.88 83.99 77.63 75.16 77.72 77.08 60.33 79.56 
80.55 62.67 75.97 77.60 78.04 78.24 62.60 80.70 75.16 51.51 
70.09 76.80 78.02 74.80 77.04 76.76 75.69 82.76 87.57 74.08 
75.68 78.16 71.92 80.00 79.89 72.40 69.82 78.00 74.83 73.28 
75.20 75.44 75.76 77.59 76.12 70.05 79.17 77.76 65.36 77.56 
74.36 71.60 76.54 75.97 78.74 74.40 75.08 74.08 75.24 76.08 
75.08 76.64 79.80 75.25 56.63 59.76 57.71 54.20 59.48 61.23 
61.16 60.22 60.85 59.86 59.81 60.87 59.76 58.44 63.49 61.19 
57.64 62.36 62.69 63.87 62.44 62.92 67.01 71.19 61.68 62.64 
60.44 63.96 63.28 65.55 67.20 72.33 62.42 66.19 62.20 61.95 
60.60 63.24 63.91 63.33 63.96 64.52 62.41 63.72 62.36 61.40 
64.12 67.02 64.74 69.30 64.80 64.12 63.48 62.92 63.76 62.48 
64.31 67.14 64.30 63.84 62.84 62.56 64.19 66.44 58.96 67.22 
66.16 65.86 63.24 63.64 63.60 61.76 63.60 63.90 67.14 61.82 
62.80 63.00 64.15 66.00 62.44 66.07 75.01 60.15 62.60 62.04 
62.84 58.60 65.44 66.91 67.04 67.46 66.56 62.24 66.44 68.80 
61.39 68.01 65.19 61.05 65.80 63.29 64.64 60.67 61.89 62.08 
63.16 67.70 71.00 61.97 67.36 66.57 53.69 54.62 56.05 58.27 
67.58 59.71 58.93 54.79 59.30 62.00 60.40 63.23 62.88 64.52
0 0
bb.grinch_tdc.tdc.GoodTimeCut = 0.0

bb.grinch_tdc.hit_mintime = -20.0
bb.grinch_tdc.hit_maxtime = 20.0

--------[ 2022-10-19 00:00:00 ] # GEN-2: good GRINCH times are clustered near 150 ns after Carlos adjusted. Set these now closer to 205ns

bb.grinch_tdc.tdc.offset =
203.23 205.00 195.32 175.00 178.60 205.13 192.91 196.48 205.21 205.13 
228.47 208.00 205.89 205.00 212.42 198.49 200.82 195.45 205.00 205.22 
205.00 190.51 211.05 195.03 176.54 189.68 233.02 205.00 198.02 204.48 
203.76 223.87 218.26 201.99 200.35 176.54 198.16 196.43 196.05 201.70 
205.00 207.64 205.00 205.75 195.24 195.00 199.75 199.06 196.60 205.00 
198.13 205.33 207.56 199.31 198.92 196.16 199.68 197.32 203.35 197.60 
180.51 196.38 199.55 200.12 196.16 202.06 202.48 199.25 206.37 200.13 
200.77 198.15 199.60 201.76 201.48 202.36 206.30 198.48 201.68 201.12 
195.92 202.12 198.72 196.60 202.40 204.60 198.85 193.73 196.15 197.12 
197.66 199.20 197.88 205.00 200.61 200.84 196.98 203.02 200.67 200.00 
197.36 197.40 202.58 197.11 199.00 199.28 199.99 200.43 198.80 198.08 
198.55 204.56 190.06 199.52 197.05 194.30 195.46 194.70 205.00 191.39 
197.39 196.52 197.08 198.12 198.08 194.16 199.74 208.19 198.84 207.44 
205.16 201.08 205.48 202.80 205.44 210.89 196.10 204.72 205.84 207.52 
206.24 203.16 208.48 210.24 200.98 209.34 207.04 204.40 205.96 204.80 
206.71 204.48 198.24 205.00 205.40 207.28 207.80 204.20 209.08 209.24 
209.14 202.86 206.34 207.28 206.28 203.04 207.72 203.48 205.87 199.97 
207.04 205.60 206.25 201.68 205.72 209.00 198.36 205.00 208.89 205.56 
203.10 204.48 205.00 203.00 206.32 204.20 204.32 199.78 206.40 201.92 
207.48 209.60 201.72 208.48 204.28 205.00 202.91 204.72 204.44 202.95 
204.80 206.12 205.92 211.52 206.85 201.20 205.92 208.43 205.72 211.97 
208.52 209.18 203.12 206.51 205.84 202.40 204.64 208.20 206.96 208.07 
205.42 204.99 207.28 206.84 200.07 207.60 202.40 200.96 204.88 207.35 
202.00 198.25 199.80 200.36 200.12 202.68 202.24 219.01 197.52 205.20 
195.45 200.20 198.85 199.12 201.84 206.91 204.38 198.20 202.64 201.68 
201.16 201.40 202.44 204.92 206.81 205.40 207.84 216.00 212.46 211.56 
213.92 210.00 203.62 199.13 211.05 211.24 212.73 215.36 213.73 209.61 
211.41 194.67 216.63 209.80 204.84 206.36 207.80 206.60 204.96 234.27 
206.95 206.84 206.08 206.68 205.68 206.92 209.79 175.51 219.53 203.07 
204.60 202.44 205.16 204.84 205.84 198.46 202.82 199.71 205.54 205.64 
204.00 201.80 207.96 210.38 209.95 196.51 212.96 206.68 206.64 204.68 
205.40 206.00 189.35 212.37 210.50 207.80 206.00 205.56 208.04 208.52 
204.28 212.51 194.99 197.37 205.28 204.08 206.39 205.36 205.20 205.03 
208.91 230.20 204.96 205.88 207.12 206.87 192.12 205.00 205.06 183.61 
220.05 205.40 206.12 203.32 205.36 204.76 220.45 216.29 226.50 175.01 
204.20 206.76 200.36 208.52 207.44 205.00 219.19 210.54 203.96 201.32 
203.28 203.40 204.76 210.24 205.00 229.01 205.38 206.20 194.41 205.56 
202.84 201.39 223.68 199.35 205.00 202.80 203.04 202.50 203.08 204.68 
203.02 212.58 195.49 204.88 184.88 189.56 185.96 183.00 187.41 185.00 
188.28 204.64 206.13 188.35 188.75 188.76 187.35 185.31 191.69 200.79 
185.12 190.00 190.00 190.00 191.24 191.40 209.04 214.26 190.44 190.08 
188.95 191.80 191.91 193.20 194.40 198.10 234.92 193.11 189.97 190.12 
188.76 190.80 192.88 192.20 190.00 190.24 191.11 192.18 191.24 190.64 
192.56 195.00 195.24 206.89 194.92 191.15 190.72 191.64 190.92 190.79 
192.15 199.00 194.31 192.42 191.97 191.48 192.72 194.88 185.81 205.00 
216.72 191.81 191.24 192.80 191.90 190.17 191.36 191.56 178.40 203.09 
189.58 195.11 192.48 195.13 189.81 195.20 214.47 201.94 190.17 190.40 
192.15 187.47 190.00 190.00 190.68 211.52 190.82 192.22 195.50 197.31 
189.32 195.80 185.65 203.10 205.00 192.52 195.00 191.01 191.56 193.43 
192.57 215.01 199.46 206.00 177.23 196.96 190.51 205.00 211.74 196.84 
210.75 219.68 209.59 203.76 208.46 207.47 207.86 213.29 209.00 205.00
0 0
bb.grinch_tdc.tdc.GoodTimeCut = 0.0

bb.grinch_tdc.hit_mintime = -20.0
bb.grinch_tdc.hit_maxtime = 20.0

-------[ 2022-11-10 00:00:00 ] # GEN-3: good GRINCH times shifted to about 200 ns

bb.grinch_tdc.tdc.offset = 
204.94 204.16 202.66 200.06 198.85 203.19 225.01 201.83 219.45 201.11 
199.76 199.11 198.37 196.70 196.40 205.95 201.52 191.59 202.65 194.02 
185.25 192.53 195.40 216.56 194.42 201.78 197.88 204.06 193.39 192.38 
195.04 198.35 195.66 202.74 204.60 198.26 224.09 193.82 197.67 195.69 
191.95 212.78 201.71 219.16 194.38 194.03 196.22 198.10 193.58 195.87 
201.81 199.31 198.41 197.92 198.15 196.39 199.55 199.09 198.24 206.82 
197.52 195.76 199.95 202.75 197.86 203.23 200.90 198.64 204.56 198.08 
199.50 197.67 198.14 200.51 200.15 199.02 205.64 197.74 199.95 200.76 
195.39 201.52 198.07 195.87 193.24 201.42 199.96 193.59 195.66 197.28 
195.68 198.35 196.96 202.09 198.99 202.37 196.24 203.11 199.63 199.19 
196.44 196.62 177.88 195.52 197.88 199.20 198.79 199.64 198.56 195.64 
205.09 202.16 189.03 197.84 196.03 193.67 194.55 192.43 196.75 196.63 
196.31 195.51 195.67 196.71 197.47 192.76 197.08 203.72 196.36 205.60 
204.01 200.15 203.37 200.05 203.36 203.21 205.00 203.61 203.84 205.52 
204.39 201.62 206.12 206.49 203.18 182.83 204.45 202.63 204.72 203.20 
196.00 202.52 204.34 208.89 203.53 205.48 206.20 201.04 207.24 206.68 
206.41 233.80 205.80 205.56 204.20 201.80 206.08 201.81 203.96 204.10 
176.89 203.16 204.48 200.32 204.08 206.44 196.76 206.66 209.18 203.52 
202.14 202.20 203.24 200.40 203.04 202.16 203.39 209.39 204.77 199.44 
206.72 208.72 200.56 206.08 204.58 204.48 201.10 202.88 202.52 201.88 
203.28 204.74 205.12 232.96 204.49 199.36 203.49 206.44 204.20 211.77 
208.00 216.61 206.02 227.94 203.48 200.52 203.16 206.57 205.72 205.94 
187.13 230.09 204.88 205.74 198.12 205.40 200.92 199.43 210.89 204.82 
200.26 196.88 197.92 197.96 198.16 200.48 201.98 214.23 207.53 202.52 
193.10 199.01 197.20 198.27 199.88 194.50 203.98 197.17 201.28 199.52 
199.17 199.50 200.36 177.95 204.46 209.89 207.08 213.24 210.40 209.32 
211.64 209.68 212.13 213.78 210.93 208.36 211.12 213.58 211.28 209.83 
190.79 214.45 207.84 208.96 202.84 204.16 205.12 205.24 177.25 205.00 
205.25 205.60 204.03 205.99 205.67 206.20 204.48 207.71 203.16 212.30 
204.12 201.39 206.00 203.08 203.52 202.81 202.44 208.30 204.12 205.48 
202.52 202.76 205.72 206.96 204.82 211.17 211.38 209.48 204.72 203.45 
203.52 204.60 207.53 205.25 234.01 206.20 206.04 204.36 209.81 207.66 
203.24 210.39 216.90 211.67 203.72 202.87 205.48 204.36 203.96 209.21 
206.20 210.00 203.07 204.77 205.40 205.96 194.66 202.56 204.67 211.33 
208.89 204.04 204.80 202.64 204.32 203.96 189.86 206.31 208.01 203.79 
203.64 205.20 199.08 206.44 206.53 204.34 207.84 225.27 203.20 200.40 
201.60 202.00 203.32 221.10 203.34 210.71 230.17 205.28 191.72 204.08 
200.51 198.80 208.04 183.81 203.27 200.68 201.88 201.52 202.00 202.88 
202.20 202.67 209.01 203.48 184.36 187.21 185.08 181.40 186.28 187.44 
187.48 186.56 189.89 187.57 187.64 188.36 186.80 184.76 190.00 175.46 
184.57 189.19 190.36 190.51 189.80 189.68 191.93 196.43 188.96 189.04 
187.92 190.56 190.87 192.32 192.05 195.56 192.15 194.00 189.28 188.44 
187.97 189.56 190.60 190.80 190.59 192.56 190.87 191.20 189.64 188.84 
191.04 193.47 192.96 201.59 192.52 191.56 189.76 189.96 190.60 189.72 
191.12 192.34 191.12 190.88 189.96 189.68 190.92 192.99 185.25 193.48 
191.61 190.84 190.12 189.80 189.72 188.72 189.28 187.70 193.97 190.44 
188.47 188.76 189.04 191.83 187.56 190.59 183.69 189.43 188.88 187.80 
187.56 182.29 187.37 188.22 189.12 194.13 193.72 191.07 192.03 192.79 
183.13 189.09 185.71 188.74 194.92 192.32 192.12 185.56 185.07 184.37 
183.35 191.30 193.91 189.45 199.69 193.48 159.42 182.14 182.89 186.04 
203.26 187.96 185.15 184.92 186.92 187.02 187.90 231.94 205.06 205.00
0 0
bb.grinch_tdc.tdc.GoodTimeCut = 0.0
bb.grinch_tdc.hit_mintime = -20.0
bb.grinch_tdc.hit_maxtime = 20.0

-------[ 2023-01-11 00:00:00 ] # GEN-4A: About 205ns

bb.grinch_tdc.tdc.offset =
200.29 205.00 210.25 205.00 200.79 205.00 189.34 188.80 203.46 210.12 
206.05 203.68 200.31 198.83 207.33 205.00 188.18 223.31 201.00 199.77 
199.28 228.30 204.20 205.00 225.93 204.10 210.44 197.12 204.24 205.00 
205.00 205.00 191.14 205.53 206.59 205.00 200.98 197.82 193.23 205.00 
194.99 204.02 204.07 205.00 197.04 233.11 196.36 191.76 222.11 205.00 
193.67 198.07 194.84 195.03 195.51 190.33 190.30 205.00 189.38 199.03 
194.98 192.71 195.20 195.52 188.08 194.82 191.89 200.89 205.00 194.75 
196.99 194.39 192.34 192.85 192.25 191.99 205.00 196.08 197.43 197.26 
190.32 195.27 191.53 188.49 203.92 204.96 195.84 192.25 193.50 192.67 
191.96 191.68 190.57 205.00 196.83 198.51 194.79 200.57 195.99 194.64 
190.76 192.84 201.16 194.72 196.35 197.47 196.72 196.24 194.86 191.96 
204.35 201.28 187.72 196.59 194.07 191.25 191.86 189.87 223.88 192.25 
195.26 193.87 194.47 195.65 194.61 189.23 194.67 216.69 195.56 204.60 
201.74 198.30 200.65 199.22 199.31 196.87 203.38 202.80 202.23 203.48 
202.15 199.18 202.87 203.50 202.61 207.88 204.36 201.23 202.63 200.03 
201.38 199.07 204.80 205.67 201.48 204.52 203.80 199.44 204.40 203.12 
202.25 211.00 204.20 204.28 203.56 199.76 203.56 198.91 201.07 200.86 
204.31 202.24 203.60 199.35 202.82 204.52 194.03 205.00 211.30 202.96 
200.44 201.72 201.95 200.19 201.95 200.73 202.53 219.30 203.76 198.96 
205.62 207.01 198.75 204.04 203.56 204.40 200.16 201.64 202.46 200.36 
202.26 203.63 203.96 205.07 206.84 198.04 203.05 205.68 201.91 208.72 
205.76 204.28 206.45 203.60 202.68 199.28 201.88 205.12 203.28 204.72 
205.35 203.94 204.48 204.88 196.72 204.04 198.72 196.28 198.49 203.39 
199.25 195.36 196.53 197.00 196.83 198.19 197.32 198.89 206.80 201.59 
192.88 197.36 195.76 195.34 197.20 198.00 203.56 195.77 199.44 198.48 
197.51 198.04 198.87 194.89 210.69 208.05 205.32 211.84 209.76 208.13 
209.64 207.88 206.75 208.21 209.52 207.76 210.00 211.84 210.24 206.46 
204.64 205.64 207.85 208.16 202.51 203.32 204.00 207.27 206.02 201.70 
207.12 203.76 203.21 204.72 202.92 204.56 206.82 209.08 204.48 206.81 
202.88 199.91 201.96 201.47 201.68 203.73 199.79 211.17 202.12 202.72 
201.95 199.31 204.20 205.61 206.23 192.64 213.19 205.16 203.76 201.56 
203.12 203.15 199.11 210.88 208.32 204.56 204.00 203.61 206.95 206.40 
202.05 210.32 232.37 188.60 203.36 202.12 204.00 204.64 203.36 206.31 
205.95 211.71 201.37 204.52 205.40 204.28 189.59 207.89 214.84 203.45 
211.04 202.44 204.08 202.15 203.31 202.28 209.20 211.86 210.63 200.34 
202.08 203.80 198.63 206.00 202.87 205.16 205.03 204.29 201.87 199.60 
201.32 200.96 201.59 206.15 205.18 204.88 205.32 204.48 191.19 203.72 
199.82 197.75 204.48 204.56 202.56 199.43 200.87 200.38 200.59 202.14 
200.36 201.31 208.81 199.11 182.44 184.09 183.73 179.52 183.89 184.40 
182.32 215.33 186.60 184.29 185.24 185.40 183.84 182.20 187.52 197.19 
181.92 187.40 188.92 188.83 187.32 187.48 192.79 196.17 185.64 187.20 
186.44 189.48 188.12 189.79 187.89 197.09 187.51 191.47 187.12 186.12 
184.96 186.16 187.16 186.85 228.02 188.76 187.68 189.16 186.28 185.28 
187.36 189.36 188.32 195.41 190.15 190.28 187.92 186.32 186.72 185.08 
187.29 188.79 189.43 189.31 188.16 185.92 187.64 189.19 205.00 191.11 
217.98 189.92 187.96 188.12 187.00 184.96 186.00 204.32 205.00 205.00 
187.32 186.68 187.44 189.19 184.96 188.60 205.00 204.44 205.00 219.60 
205.00 182.78 189.54 189.37 205.00 203.92 196.17 189.89 205.00 205.00 
205.00 189.64 185.54 194.29 205.30 190.14 190.88 221.49 221.64 205.00 
210.12 213.78 188.88 185.12 218.16 199.87 205.00 202.47 178.82 203.80 
205.66 183.17 215.22 205.00 206.20 208.75 214.00 193.18 207.83 225.68 
0 0

bb.grinch_tdc.tdc.GoodTimeCut = 0.0
bb.grinch_tdc.hit_mintime = -25.0 
bb.grinch_tdc.hit_maxtime = 25.0

-------[ 2023-09-16 00:00:00 ] # ~190ns offset GEN-4B: open up the cuts and find the good hits:

bb.grinch_tdc.tdc.offset = 
194.7 196 195.84 181.03 206.94 192.21 196.8 195.53 196 196
193.66 195.08 190.35 202.93 198.11 195.71 185.9 194.56 201.66 174.94
186.85 196.05 197.45 182.45 196 195.6 195.38 195.68 195.16 203.03
190.82 184.86 196.07 192.1 194.17 193.94 191.25 196 190.79 183.75
186.29 193.39 194.08 196.8 204.47 187.53 187.38 207.13 181.89 190.17
194.23 190.33 192.31 191.38 206.31 186.35 186.91 188.82 188.91 204.48
191.67 188.87 191.23 191.56 185.03 191.99 189.9 186.73 196.18 191.73
192.79 190.96 188.96 189.87 190.49 189.73 198.51 192.81 193.44 193.76
187.36 192.11 188.23 185.07 174.48 192.81 192.23 188.22 189.56 188.03
187.67 188.28 186.9 209.03 193.67 195.2 191.18 196.84 190.2 190.51
187.37 201.59 197.36 190.86 192.15 198.85 191.84 191.23 189.53 188.34
199.56 196 183.71 193.63 190.27 187.04 186.87 184.76 222.94 192.19
191.43 190.6 191.09 191.16 189.74 184.76 190.03 197.61 192.35 200.4
197.18 193.51 195.68 196.34 194.56 192.75 198.59 198.41 198.48 199.14
197.72 194.95 197.12 173.03 196.05 204.02 200.12 196.64 199.24 196.32
196.64 194.96 205.19 198.26 198.15 199.51 199.72 194.84 200.76 199.1
176.56 207.78 200.02 200 199.4 195.82 199.28 194.44 196.5 194.01
187.47 198.12 199.63 196.4 199.32 199.5 190.42 185.23 204.74 199.9
196.68 197.75 198 195.72 197.64 196.6 216.34 200.37 201.16 195.82
202.28 203.64 194.14 200.58 199.82 201.27 196.78 197.51 197.99 197.04
198 199.93 200 196.57 195.62 195.08 198.48 201.28 198.52 205.28
202.56 200.58 204.67 201.13 198.03 194.84 197.96 201.02 199.88 216.36
204.2 206.81 200.32 200.6 193.63 199.77 194.34 193.16 195.04 197.59
196.44 191.64 192.22 192.71 193.59 194.24 194.16 195.92 200.7 197.94
188.92 193.88 191.98 192.07 193.52 226 203.57 219.48 195.8 195.08
194.11 194.6 194.76 192.69 196.98 203.79 202.71 208.3 205.48 204.35
206.67 204.07 224.22 205.2 206.26 204.56 205.75 207.99 205.83 203.68
201.82 205.14 201.38 205 198.12 199.99 200.2 199.92 199.85 199.85
203.73 189.03 199.44 200.96 198.24 200.68 201.42 205.81 200.65 207.12
199 195.76 197.85 197.35 197.74 208.2 195.21 206.18 197.01 199
197.43 196.08 201 201.1 197.15 203.4 204.9 200.12 200.04 197.92
199.14 189.68 187.99 190.66 212.06 201.85 200.05 199.93 202.68 203.2
204.08 174.39 199.02 206.42 199.27 198.4 200.56 199.52 199.64 200.43
198.73 206.81 198.03 199.9 201.17 200.85 184.37 203.15 203.03 200.13
209.74 199.16 200.16 198.8 199.64 198.72 199.07 200.42 203.83 197.84
198.89 199.79 194.24 201.36 199.23 197.33 206.44 204.27 199.81 195.48
196.28 196.4 197.72 208.31 185.69 207.19 201.17 200.92 187.24 198.29
195.2 193.23 205.39 195.16 223.59 196.29 196.88 196.34 196.9 196.52
194.76 184.59 194.88 215.58 178.96 179.88 179.08 176.32 179.6 180.76
177.66 179.49 183.37 181.43 180.35 181.48 179.76 178.32 182.59 196.9
177.12 182.11 184.33 184.62 182.61 181.07 182.75 191.48 180 181.08
181.84 184.97 183.83 184.32 178.2 195.84 188.34 187.18 182.27 181.68
179.28 181.48 181.64 182.51 183.07 185.2 183.19 184.89 181.08 180.28
181.36 185.23 185.07 189.24 185.92 185.27 182.92 181.36 181.24 180.08
182.82 185.1 185.55 184.91 183.67 181.88 182.32 184.15 177.28 184.33
188.97 183.93 183.27 182.72 182.08 179.4 180.47 180.51 195.8 183.57
181.44 181.23 183.56 184.56 179.63 183.76 184.05 195.64 179.88 181.54
170.18 178.61 185.27 184.78 184.68 193.88 189.93 185.61 186.38 189.06
179.21 185.39 181.5 182.46 225.65 186.16 195.2 182.42 169.98 180.43
179.75 189.02 187.76 185.09 194.71 196 187.56 214.14 175.73 180.59
201.93 180.2 219.02 195.84 191.08 182.89 176.27 183.81 190.54 196
0 0
bb.grinch_tdc.tdc.GoodTimeCut = 0.0
bb.grinch_tdc.hit_mintime = -25.0 
bb.grinch_tdc.hit_maxtime = 25.0